[
    {
        "id": 0,
        "img_name": "image_0",
        "width": 512,
        "height": 512,
        "position": [
            0.6123724356957946,
            -0.6123724356957946,
            -0.4999999999999999
        ],
        "rotation": [
            [
                0.6123724356957946,
                0.7071067811865476,
                -0.3535533905932738
            ],
            [
                -0.6123724356957946,
                0.7071067811865477,
                0.35355339059327373
            ],
            [
                0.4999999999999999,
                0.0,
                0.8660254037844386
            ]
        ],
        "fy": 0.8569566627292158,
        "fx": 0.8569566627292158
    },
    {
        "id": 1,
        "img_name": "image_1",
        "width": 512,
        "height": 512,
        "position": [
            0.748455199183749,
            -0.7484551991837489,
            -0.611111111111111
        ],
        "rotation": [
            [
                0.6123724356957946,
                0.7071067811865476,
                -0.3535533905932738
            ],
            [
                -0.6123724356957946,
                0.7071067811865477,
                0.35355339059327373
            ],
            [
                0.4999999999999999,
                0.0,
                0.8660254037844386
            ]
        ],
        "fy": 0.8569566627292158,
        "fx": 0.8569566627292158
    },
    {
        "id": 2,
        "img_name": "image_2",
        "width": 512,
        "height": 512,
        "position": [
            0.8845379626717033,
            -0.8845379626717031,
            -0.7222222222222221
        ],
        "rotation": [
            [
                0.6123724356957946,
                0.7071067811865476,
                -0.3535533905932738
            ],
            [
                -0.6123724356957946,
                0.7071067811865477,
                0.35355339059327373
            ],
            [
                0.4999999999999999,
                0.0,
                0.8660254037844386
            ]
        ],
        "fy": 0.8569566627292158,
        "fx": 0.8569566627292158
    },
    {
        "id": 3,
        "img_name": "image_3",
        "width": 512,
        "height": 512,
        "position": [
            1.0206207261596576,
            -1.0206207261596574,
            -0.833333333333333
        ],
        "rotation": [
            [
                0.6123724356957946,
                0.7071067811865476,
                -0.3535533905932738
            ],
            [
                -0.6123724356957946,
                0.7071067811865477,
                0.35355339059327373
            ],
            [
                0.4999999999999999,
                0.0,
                0.8660254037844386
            ]
        ],
        "fy": 0.8569566627292158,
        "fx": 0.8569566627292158
    },
    {
        "id": 4,
        "img_name": "image_4",
        "width": 512,
        "height": 512,
        "position": [
            1.156703489647612,
            -1.1567034896476118,
            -0.9444444444444442
        ],
        "rotation": [
            [
                0.6123724356957946,
                0.7071067811865476,
                -0.3535533905932738
            ],
            [
                -0.6123724356957946,
                0.7071067811865477,
                0.35355339059327373
            ],
            [
                0.4999999999999999,
                0.0,
                0.8660254037844386
            ]
        ],
        "fy": 0.8569566627292158,
        "fx": 0.8569566627292158
    },
    {
        "id": 5,
        "img_name": "image_5",
        "width": 512,
        "height": 512,
        "position": [
            1.2927862531355665,
            -1.2927862531355663,
            -1.0555555555555554
        ],
        "rotation": [
            [
                0.6123724356957946,
                0.7071067811865476,
                -0.3535533905932738
            ],
            [
                -0.6123724356957946,
                0.7071067811865477,
                0.35355339059327373
            ],
            [
                0.4999999999999999,
                0.0,
                0.8660254037844386
            ]
        ],
        "fy": 0.8569566627292158,
        "fx": 0.8569566627292158
    },
    {
        "id": 6,
        "img_name": "image_6",
        "width": 512,
        "height": 512,
        "position": [
            1.4288690166235207,
            -1.4288690166235205,
            -1.1666666666666663
        ],
        "rotation": [
            [
                0.6123724356957946,
                0.7071067811865476,
                -0.3535533905932738
            ],
            [
                -0.6123724356957946,
                0.7071067811865477,
                0.35355339059327373
            ],
            [
                0.4999999999999999,
                0.0,
                0.8660254037844386
            ]
        ],
        "fy": 0.8569566627292158,
        "fx": 0.8569566627292158
    },
    {
        "id": 7,
        "img_name": "image_7",
        "width": 512,
        "height": 512,
        "position": [
            1.564951780111475,
            -1.5649517801114747,
            -1.2777777777777775
        ],
        "rotation": [
            [
                0.6123724356957946,
                0.7071067811865476,
                -0.3535533905932738
            ],
            [
                -0.6123724356957946,
                0.7071067811865477,
                0.35355339059327373
            ],
            [
                0.4999999999999999,
                0.0,
                0.8660254037844386
            ]
        ],
        "fy": 0.8569566627292158,
        "fx": 0.8569566627292158
    },
    {
        "id": 8,
        "img_name": "image_8",
        "width": 512,
        "height": 512,
        "position": [
            1.7010345435994294,
            -1.7010345435994292,
            -1.3888888888888886
        ],
        "rotation": [
            [
                0.6123724356957946,
                0.7071067811865476,
                -0.3535533905932738
            ],
            [
                -0.6123724356957946,
                0.7071067811865477,
                0.35355339059327373
            ],
            [
                0.4999999999999999,
                0.0,
                0.8660254037844386
            ]
        ],
        "fy": 0.8569566627292158,
        "fx": 0.8569566627292158
    },
    {
        "id": 9,
        "img_name": "image_9",
        "width": 512,
        "height": 512,
        "position": [
            1.837117307087384,
            -1.8371173070873839,
            -1.4999999999999996
        ],
        "rotation": [
            [
                0.6123724356957946,
                0.7071067811865476,
                -0.3535533905932738
            ],
            [
                -0.6123724356957946,
                0.7071067811865477,
                0.35355339059327373
            ],
            [
                0.4999999999999999,
                0.0,
                0.8660254037844386
            ]
        ],
        "fy": 0.8569566627292158,
        "fx": 0.8569566627292158
    },
    {
        "id": 10,
        "img_name": "image_10",
        "width": 512,
        "height": 512,
        "position": [
            0.6492768357697535,
            -0.6492768357697534,
            -0.39607976603915684
        ],
        "rotation": [
            [
                0.6492768357697535,
                0.7071067811865476,
                -0.28007068845706906
            ],
            [
                -0.6492768357697534,
                0.7071067811865477,
                0.28007068845706906
            ],
            [
                0.39607976603915684,
                0.0,
                0.9182161068802739
            ]
        ],
        "fy": 0.8569566627292158,
        "fx": 0.8569566627292158
    },
    {
        "id": 11,
        "img_name": "image_11",
        "width": 512,
        "height": 512,
        "position": [
            0.7935605770519211,
            -0.793560577051921,
            -0.48409749182563616
        ],
        "rotation": [
            [
                0.6492768357697535,
                0.7071067811865476,
                -0.28007068845706906
            ],
            [
                -0.6492768357697534,
                0.7071067811865477,
                0.28007068845706906
            ],
            [
                0.39607976603915684,
                0.0,
                0.9182161068802739
            ]
        ],
        "fy": 0.8569566627292158,
        "fx": 0.8569566627292158
    },
    {
        "id": 12,
        "img_name": "image_12",
        "width": 512,
        "height": 512,
        "position": [
            0.9378443183340883,
            -0.9378443183340882,
            -0.5721152176121155
        ],
        "rotation": [
            [
                0.6492768357697535,
                0.7071067811865476,
                -0.28007068845706906
            ],
            [
                -0.6492768357697534,
                0.7071067811865477,
                0.28007068845706906
            ],
            [
                0.39607976603915684,
                0.0,
                0.9182161068802739
            ]
        ],
        "fy": 0.8569566627292158,
        "fx": 0.8569566627292158
    },
    {
        "id": 13,
        "img_name": "image_13",
        "width": 512,
        "height": 512,
        "position": [
            1.0821280596162557,
            -1.0821280596162555,
            -0.6601329433985946
        ],
        "rotation": [
            [
                0.6492768357697535,
                0.7071067811865476,
                -0.28007068845706906
            ],
            [
                -0.6492768357697534,
                0.7071067811865477,
                0.28007068845706906
            ],
            [
                0.39607976603915684,
                0.0,
                0.9182161068802739
            ]
        ],
        "fy": 0.8569566627292158,
        "fx": 0.8569566627292158
    },
    {
        "id": 14,
        "img_name": "image_14",
        "width": 512,
        "height": 512,
        "position": [
            1.2264118008984233,
            -1.226411800898423,
            -0.748150669185074
        ],
        "rotation": [
            [
                0.6492768357697535,
                0.7071067811865476,
                -0.28007068845706906
            ],
            [
                -0.6492768357697534,
                0.7071067811865477,
                0.28007068845706906
            ],
            [
                0.39607976603915684,
                0.0,
                0.9182161068802739
            ]
        ],
        "fy": 0.8569566627292158,
        "fx": 0.8569566627292158
    },
    {
        "id": 15,
        "img_name": "image_15",
        "width": 512,
        "height": 512,
        "position": [
            1.3706955421805906,
            -1.3706955421805904,
            -0.8361683949715534
        ],
        "rotation": [
            [
                0.6492768357697535,
                0.7071067811865476,
                -0.28007068845706906
            ],
            [
                -0.6492768357697534,
                0.7071067811865477,
                0.28007068845706906
            ],
            [
                0.39607976603915684,
                0.0,
                0.9182161068802739
            ]
        ],
        "fy": 0.8569566627292158,
        "fx": 0.8569566627292158
    },
    {
        "id": 16,
        "img_name": "image_16",
        "width": 512,
        "height": 512,
        "position": [
            1.5149792834627582,
            -1.5149792834627578,
            -0.9241861207580325
        ],
        "rotation": [
            [
                0.6492768357697535,
                0.7071067811865476,
                -0.28007068845706906
            ],
            [
                -0.6492768357697534,
                0.7071067811865477,
                0.28007068845706906
            ],
            [
                0.39607976603915684,
                0.0,
                0.9182161068802739
            ]
        ],
        "fy": 0.8569566627292158,
        "fx": 0.8569566627292158
    },
    {
        "id": 17,
        "img_name": "image_17",
        "width": 512,
        "height": 512,
        "position": [
            1.6592630247449256,
            -1.6592630247449254,
            -1.0122038465445118
        ],
        "rotation": [
            [
                0.6492768357697535,
                0.7071067811865476,
                -0.28007068845706906
            ],
            [
                -0.6492768357697534,
                0.7071067811865477,
                0.28007068845706906
            ],
            [
                0.39607976603915684,
                0.0,
                0.9182161068802739
            ]
        ],
        "fy": 0.8569566627292158,
        "fx": 0.8569566627292158
    },
    {
        "id": 18,
        "img_name": "image_18",
        "width": 512,
        "height": 512,
        "position": [
            1.803546766027093,
            -1.8035467660270927,
            -1.1002215723309912
        ],
        "rotation": [
            [
                0.6492768357697535,
                0.7071067811865476,
                -0.28007068845706906
            ],
            [
                -0.6492768357697534,
                0.7071067811865477,
                0.28007068845706906
            ],
            [
                0.39607976603915684,
                0.0,
                0.9182161068802739
            ]
        ],
        "fy": 0.8569566627292158,
        "fx": 0.8569566627292158
    },
    {
        "id": 19,
        "img_name": "image_19",
        "width": 512,
        "height": 512,
        "position": [
            1.9478305073092608,
            -1.9478305073092603,
            -1.1882392981174705
        ],
        "rotation": [
            [
                0.6492768357697535,
                0.7071067811865476,
                -0.28007068845706906
            ],
            [
                -0.6492768357697534,
                0.7071067811865477,
                0.28007068845706906
            ],
            [
                0.39607976603915684,
                0.0,
                0.9182161068802739
            ]
        ],
        "fy": 0.8569566627292158,
        "fx": 0.8569566627292158
    },
    {
        "id": 20,
        "img_name": "image_20",
        "width": 512,
        "height": 512,
        "position": [
            0.677400880463876,
            -0.6774008804638759,
            -0.28680323271109026
        ],
        "rotation": [
            [
                0.677400880463876,
                0.7071067811865476,
                -0.20280051071623542
            ],
            [
                -0.6774008804638759,
                0.7071067811865477,
                0.2028005107162354
            ],
            [
                0.28680323271109026,
                0.0,
                0.957989512315489
            ]
        ],
        "fy": 0.8569566627292158,
        "fx": 0.8569566627292158
    },
    {
        "id": 21,
        "img_name": "image_21",
        "width": 512,
        "height": 512,
        "position": [
            0.8279344094558486,
            -0.8279344094558484,
            -0.3505372844246659
        ],
        "rotation": [
            [
                0.677400880463876,
                0.7071067811865476,
                -0.20280051071623542
            ],
            [
                -0.6774008804638759,
                0.7071067811865477,
                0.2028005107162354
            ],
            [
                0.28680323271109026,
                0.0,
                0.957989512315489
            ]
        ],
        "fy": 0.8569566627292158,
        "fx": 0.8569566627292158
    },
    {
        "id": 22,
        "img_name": "image_22",
        "width": 512,
        "height": 512,
        "position": [
            0.9784679384478209,
            -0.9784679384478208,
            -0.41427133613824146
        ],
        "rotation": [
            [
                0.677400880463876,
                0.7071067811865476,
                -0.20280051071623542
            ],
            [
                -0.6774008804638759,
                0.7071067811865477,
                0.2028005107162354
            ],
            [
                0.28680323271109026,
                0.0,
                0.957989512315489
            ]
        ],
        "fy": 0.8569566627292158,
        "fx": 0.8569566627292158
    },
    {
        "id": 23,
        "img_name": "image_23",
        "width": 512,
        "height": 512,
        "position": [
            1.1290014674397932,
            -1.129001467439793,
            -0.47800538785181707
        ],
        "rotation": [
            [
                0.677400880463876,
                0.7071067811865476,
                -0.20280051071623542
            ],
            [
                -0.6774008804638759,
                0.7071067811865477,
                0.2028005107162354
            ],
            [
                0.28680323271109026,
                0.0,
                0.957989512315489
            ]
        ],
        "fy": 0.8569566627292158,
        "fx": 0.8569566627292158
    },
    {
        "id": 24,
        "img_name": "image_24",
        "width": 512,
        "height": 512,
        "position": [
            1.2795349964317657,
            -1.2795349964317655,
            -0.5417394395653927
        ],
        "rotation": [
            [
                0.677400880463876,
                0.7071067811865476,
                -0.20280051071623542
            ],
            [
                -0.6774008804638759,
                0.7071067811865477,
                0.2028005107162354
            ],
            [
                0.28680323271109026,
                0.0,
                0.957989512315489
            ]
        ],
        "fy": 0.8569566627292158,
        "fx": 0.8569566627292158
    },
    {
        "id": 25,
        "img_name": "image_25",
        "width": 512,
        "height": 512,
        "position": [
            1.4300685254237384,
            -1.4300685254237382,
            -0.6054734912789683
        ],
        "rotation": [
            [
                0.677400880463876,
                0.7071067811865476,
                -0.20280051071623542
            ],
            [
                -0.6774008804638759,
                0.7071067811865477,
                0.2028005107162354
            ],
            [
                0.28680323271109026,
                0.0,
                0.957989512315489
            ]
        ],
        "fy": 0.8569566627292158,
        "fx": 0.8569566627292158
    },
    {
        "id": 26,
        "img_name": "image_26",
        "width": 512,
        "height": 512,
        "position": [
            1.5806020544157104,
            -1.5806020544157102,
            -0.6692075429925438
        ],
        "rotation": [
            [
                0.677400880463876,
                0.7071067811865476,
                -0.20280051071623542
            ],
            [
                -0.6774008804638759,
                0.7071067811865477,
                0.2028005107162354
            ],
            [
                0.28680323271109026,
                0.0,
                0.957989512315489
            ]
        ],
        "fy": 0.8569566627292158,
        "fx": 0.8569566627292158
    },
    {
        "id": 27,
        "img_name": "image_27",
        "width": 512,
        "height": 512,
        "position": [
            1.731135583407683,
            -1.7311355834076827,
            -0.7329415947061195
        ],
        "rotation": [
            [
                0.677400880463876,
                0.7071067811865476,
                -0.20280051071623542
            ],
            [
                -0.6774008804638759,
                0.7071067811865477,
                0.2028005107162354
            ],
            [
                0.28680323271109026,
                0.0,
                0.957989512315489
            ]
        ],
        "fy": 0.8569566627292158,
        "fx": 0.8569566627292158
    },
    {
        "id": 28,
        "img_name": "image_28",
        "width": 512,
        "height": 512,
        "position": [
            1.8816691123996556,
            -1.8816691123996554,
            -0.7966756464196951
        ],
        "rotation": [
            [
                0.677400880463876,
                0.7071067811865476,
                -0.20280051071623542
            ],
            [
                -0.6774008804638759,
                0.7071067811865477,
                0.2028005107162354
            ],
            [
                0.28680323271109026,
                0.0,
                0.957989512315489
            ]
        ],
        "fy": 0.8569566627292158,
        "fx": 0.8569566627292158
    },
    {
        "id": 29,
        "img_name": "image_29",
        "width": 512,
        "height": 512,
        "position": [
            2.032202641391628,
            -2.0322026413916277,
            -0.8604096981332707
        ],
        "rotation": [
            [
                0.677400880463876,
                0.7071067811865476,
                -0.20280051071623542
            ],
            [
                -0.6774008804638759,
                0.7071067811865477,
                0.2028005107162354
            ],
            [
                0.28680323271109026,
                0.0,
                0.957989512315489
            ]
        ],
        "fy": 0.8569566627292158,
        "fx": 0.8569566627292158
    },
    {
        "id": 30,
        "img_name": "image_30",
        "width": 512,
        "height": 512,
        "position": [
            0.6963642403200191,
            -0.696364240320019,
            -0.17364817766693036
        ],
        "rotation": [
            [
                0.6963642403200191,
                0.7071067811865476,
                -0.12278780396897288
            ],
            [
                -0.696364240320019,
                0.7071067811865477,
                0.12278780396897286
            ],
            [
                0.17364817766693036,
                0.0,
                0.984807753012208
            ]
        ],
        "fy": 0.8569566627292158,
        "fx": 0.8569566627292158
    },
    {
        "id": 31,
        "img_name": "image_31",
        "width": 512,
        "height": 512,
        "position": [
            0.8511118492800234,
            -0.8511118492800233,
            -0.2122366615929149
        ],
        "rotation": [
            [
                0.6963642403200191,
                0.7071067811865476,
                -0.12278780396897288
            ],
            [
                -0.696364240320019,
                0.7071067811865477,
                0.12278780396897286
            ],
            [
                0.17364817766693036,
                0.0,
                0.984807753012208
            ]
        ],
        "fy": 0.8569566627292158,
        "fx": 0.8569566627292158
    },
    {
        "id": 32,
        "img_name": "image_32",
        "width": 512,
        "height": 512,
        "position": [
            1.0058594582400275,
            -1.0058594582400273,
            -0.2508251455188994
        ],
        "rotation": [
            [
                0.6963642403200191,
                0.7071067811865476,
                -0.12278780396897288
            ],
            [
                -0.696364240320019,
                0.7071067811865477,
                0.12278780396897286
            ],
            [
                0.17364817766693036,
                0.0,
                0.984807753012208
            ]
        ],
        "fy": 0.8569566627292158,
        "fx": 0.8569566627292158
    },
    {
        "id": 33,
        "img_name": "image_33",
        "width": 512,
        "height": 512,
        "position": [
            1.1606070672000317,
            -1.1606070672000315,
            -0.2894136294448839
        ],
        "rotation": [
            [
                0.6963642403200191,
                0.7071067811865476,
                -0.12278780396897288
            ],
            [
                -0.696364240320019,
                0.7071067811865477,
                0.12278780396897286
            ],
            [
                0.17364817766693036,
                0.0,
                0.984807753012208
            ]
        ],
        "fy": 0.8569566627292158,
        "fx": 0.8569566627292158
    },
    {
        "id": 34,
        "img_name": "image_34",
        "width": 512,
        "height": 512,
        "position": [
            1.3153546761600359,
            -1.3153546761600357,
            -0.32800211337086843
        ],
        "rotation": [
            [
                0.6963642403200191,
                0.7071067811865476,
                -0.12278780396897288
            ],
            [
                -0.696364240320019,
                0.7071067811865477,
                0.12278780396897286
            ],
            [
                0.17364817766693036,
                0.0,
                0.984807753012208
            ]
        ],
        "fy": 0.8569566627292158,
        "fx": 0.8569566627292158
    },
    {
        "id": 35,
        "img_name": "image_35",
        "width": 512,
        "height": 512,
        "position": [
            1.4701022851200403,
            -1.47010228512004,
            -0.366590597296853
        ],
        "rotation": [
            [
                0.6963642403200191,
                0.7071067811865476,
                -0.12278780396897288
            ],
            [
                -0.696364240320019,
                0.7071067811865477,
                0.12278780396897286
            ],
            [
                0.17364817766693036,
                0.0,
                0.984807753012208
            ]
        ],
        "fy": 0.8569566627292158,
        "fx": 0.8569566627292158
    },
    {
        "id": 36,
        "img_name": "image_36",
        "width": 512,
        "height": 512,
        "position": [
            1.6248498940800442,
            -1.624849894080044,
            -0.40517908122283747
        ],
        "rotation": [
            [
                0.6963642403200191,
                0.7071067811865476,
                -0.12278780396897288
            ],
            [
                -0.696364240320019,
                0.7071067811865477,
                0.12278780396897286
            ],
            [
                0.17364817766693036,
                0.0,
                0.984807753012208
            ]
        ],
        "fy": 0.8569566627292158,
        "fx": 0.8569566627292158
    },
    {
        "id": 37,
        "img_name": "image_37",
        "width": 512,
        "height": 512,
        "position": [
            1.7795975030400486,
            -1.7795975030400484,
            -0.443767565148822
        ],
        "rotation": [
            [
                0.6963642403200191,
                0.7071067811865476,
                -0.12278780396897288
            ],
            [
                -0.696364240320019,
                0.7071067811865477,
                0.12278780396897286
            ],
            [
                0.17364817766693036,
                0.0,
                0.984807753012208
            ]
        ],
        "fy": 0.8569566627292158,
        "fx": 0.8569566627292158
    },
    {
        "id": 38,
        "img_name": "image_38",
        "width": 512,
        "height": 512,
        "position": [
            1.934345112000053,
            -1.9343451120000528,
            -0.48235604907480656
        ],
        "rotation": [
            [
                0.6963642403200191,
                0.7071067811865476,
                -0.12278780396897288
            ],
            [
                -0.696364240320019,
                0.7071067811865477,
                0.12278780396897286
            ],
            [
                0.17364817766693036,
                0.0,
                0.984807753012208
            ]
        ],
        "fy": 0.8569566627292158,
        "fx": 0.8569566627292158
    },
    {
        "id": 39,
        "img_name": "image_39",
        "width": 512,
        "height": 512,
        "position": [
            2.089092720960057,
            -2.089092720960057,
            -0.5209445330007911
        ],
        "rotation": [
            [
                0.6963642403200191,
                0.7071067811865476,
                -0.12278780396897288
            ],
            [
                -0.696364240320019,
                0.7071067811865477,
                0.12278780396897286
            ],
            [
                0.17364817766693036,
                0.0,
                0.984807753012208
            ]
        ],
        "fy": 0.8569566627292158,
        "fx": 0.8569566627292158
    },
    {
        "id": 40,
        "img_name": "image_40",
        "width": 512,
        "height": 512,
        "position": [
            0.7059104684274671,
            -0.705910468427467,
            -0.05814482891047581
        ],
        "rotation": [
            [
                0.7059104684274671,
                0.7071067811865476,
                -0.04111460281352907
            ],
            [
                -0.705910468427467,
                0.7071067811865477,
                0.041114602813529064
            ],
            [
                0.05814482891047581,
                0.0,
                0.9983081582712682
            ]
        ],
        "fy": 0.8569566627292158,
        "fx": 0.8569566627292158
    },
    {
        "id": 41,
        "img_name": "image_41",
        "width": 512,
        "height": 512,
        "position": [
            0.8627794614113486,
            -0.8627794614113485,
            -0.07106590200169266
        ],
        "rotation": [
            [
                0.7059104684274671,
                0.7071067811865476,
                -0.04111460281352907
            ],
            [
                -0.705910468427467,
                0.7071067811865477,
                0.041114602813529064
            ],
            [
                0.05814482891047581,
                0.0,
                0.9983081582712682
            ]
        ],
        "fy": 0.8569566627292158,
        "fx": 0.8569566627292158
    },
    {
        "id": 42,
        "img_name": "image_42",
        "width": 512,
        "height": 512,
        "position": [
            1.0196484543952302,
            -1.01964845439523,
            -0.0839869750929095
        ],
        "rotation": [
            [
                0.7059104684274671,
                0.7071067811865476,
                -0.04111460281352907
            ],
            [
                -0.705910468427467,
                0.7071067811865477,
                0.041114602813529064
            ],
            [
                0.05814482891047581,
                0.0,
                0.9983081582712682
            ]
        ],
        "fy": 0.8569566627292158,
        "fx": 0.8569566627292158
    },
    {
        "id": 43,
        "img_name": "image_43",
        "width": 512,
        "height": 512,
        "position": [
            1.1765174473791116,
            -1.1765174473791116,
            -0.09690804818412634
        ],
        "rotation": [
            [
                0.7059104684274671,
                0.7071067811865476,
                -0.04111460281352907
            ],
            [
                -0.705910468427467,
                0.7071067811865477,
                0.041114602813529064
            ],
            [
                0.05814482891047581,
                0.0,
                0.9983081582712682
            ]
        ],
        "fy": 0.8569566627292158,
        "fx": 0.8569566627292158
    },
    {
        "id": 44,
        "img_name": "image_44",
        "width": 512,
        "height": 512,
        "position": [
            1.3333864403629934,
            -1.3333864403629931,
            -0.1098291212753432
        ],
        "rotation": [
            [
                0.7059104684274671,
                0.7071067811865476,
                -0.04111460281352907
            ],
            [
                -0.705910468427467,
                0.7071067811865477,
                0.041114602813529064
            ],
            [
                0.05814482891047581,
                0.0,
                0.9983081582712682
            ]
        ],
        "fy": 0.8569566627292158,
        "fx": 0.8569566627292158
    },
    {
        "id": 45,
        "img_name": "image_45",
        "width": 512,
        "height": 512,
        "position": [
            1.490255433346875,
            -1.4902554333468747,
            -0.12275019436656004
        ],
        "rotation": [
            [
                0.7059104684274671,
                0.7071067811865476,
                -0.04111460281352907
            ],
            [
                -0.705910468427467,
                0.7071067811865477,
                0.041114602813529064
            ],
            [
                0.05814482891047581,
                0.0,
                0.9983081582712682
            ]
        ],
        "fy": 0.8569566627292158,
        "fx": 0.8569566627292158
    },
    {
        "id": 46,
        "img_name": "image_46",
        "width": 512,
        "height": 512,
        "position": [
            1.6471244263307563,
            -1.6471244263307558,
            -0.13567126745777686
        ],
        "rotation": [
            [
                0.7059104684274671,
                0.7071067811865476,
                -0.04111460281352907
            ],
            [
                -0.705910468427467,
                0.7071067811865477,
                0.041114602813529064
            ],
            [
                0.05814482891047581,
                0.0,
                0.9983081582712682
            ]
        ],
        "fy": 0.8569566627292158,
        "fx": 0.8569566627292158
    },
    {
        "id": 47,
        "img_name": "image_47",
        "width": 512,
        "height": 512,
        "position": [
            1.8039934193146376,
            -1.8039934193146374,
            -0.14859234054899373
        ],
        "rotation": [
            [
                0.7059104684274671,
                0.7071067811865476,
                -0.04111460281352907
            ],
            [
                -0.705910468427467,
                0.7071067811865477,
                0.041114602813529064
            ],
            [
                0.05814482891047581,
                0.0,
                0.9983081582712682
            ]
        ],
        "fy": 0.8569566627292158,
        "fx": 0.8569566627292158
    },
    {
        "id": 48,
        "img_name": "image_48",
        "width": 512,
        "height": 512,
        "position": [
            1.9608624122985194,
            -1.9608624122985192,
            -0.16151341364021057
        ],
        "rotation": [
            [
                0.7059104684274671,
                0.7071067811865476,
                -0.04111460281352907
            ],
            [
                -0.705910468427467,
                0.7071067811865477,
                0.041114602813529064
            ],
            [
                0.05814482891047581,
                0.0,
                0.9983081582712682
            ]
        ],
        "fy": 0.8569566627292158,
        "fx": 0.8569566627292158
    },
    {
        "id": 49,
        "img_name": "image_49",
        "width": 512,
        "height": 512,
        "position": [
            2.117731405282401,
            -2.1177314052824006,
            -0.17443448673142742
        ],
        "rotation": [
            [
                0.7059104684274671,
                0.7071067811865476,
                -0.04111460281352907
            ],
            [
                -0.705910468427467,
                0.7071067811865477,
                0.041114602813529064
            ],
            [
                0.05814482891047581,
                0.0,
                0.9983081582712682
            ]
        ],
        "fy": 0.8569566627292158,
        "fx": 0.8569566627292158
    },
    {
        "id": 50,
        "img_name": "image_50",
        "width": 512,
        "height": 512,
        "position": [
            0.7059104684274671,
            -0.705910468427467,
            0.05814482891047587
        ],
        "rotation": [
            [
                0.7059104684274671,
                0.7071067811865476,
                0.04111460281352911
            ],
            [
                -0.705910468427467,
                0.7071067811865477,
                -0.041114602813529105
            ],
            [
                -0.05814482891047587,
                0.0,
                0.9983081582712682
            ]
        ],
        "fy": 0.8569566627292158,
        "fx": 0.8569566627292158
    },
    {
        "id": 51,
        "img_name": "image_51",
        "width": 512,
        "height": 512,
        "position": [
            0.8627794614113486,
            -0.8627794614113485,
            0.07106590200169274
        ],
        "rotation": [
            [
                0.7059104684274671,
                0.7071067811865476,
                0.04111460281352911
            ],
            [
                -0.705910468427467,
                0.7071067811865477,
                -0.041114602813529105
            ],
            [
                -0.05814482891047587,
                0.0,
                0.9983081582712682
            ]
        ],
        "fy": 0.8569566627292158,
        "fx": 0.8569566627292158
    },
    {
        "id": 52,
        "img_name": "image_52",
        "width": 512,
        "height": 512,
        "position": [
            1.0196484543952302,
            -1.01964845439523,
            0.08398697509290959
        ],
        "rotation": [
            [
                0.7059104684274671,
                0.7071067811865476,
                0.04111460281352911
            ],
            [
                -0.705910468427467,
                0.7071067811865477,
                -0.041114602813529105
            ],
            [
                -0.05814482891047587,
                0.0,
                0.9983081582712682
            ]
        ],
        "fy": 0.8569566627292158,
        "fx": 0.8569566627292158
    },
    {
        "id": 53,
        "img_name": "image_53",
        "width": 512,
        "height": 512,
        "position": [
            1.1765174473791116,
            -1.1765174473791116,
            0.09690804818412645
        ],
        "rotation": [
            [
                0.7059104684274671,
                0.7071067811865476,
                0.04111460281352911
            ],
            [
                -0.705910468427467,
                0.7071067811865477,
                -0.041114602813529105
            ],
            [
                -0.05814482891047587,
                0.0,
                0.9983081582712682
            ]
        ],
        "fy": 0.8569566627292158,
        "fx": 0.8569566627292158
    },
    {
        "id": 54,
        "img_name": "image_54",
        "width": 512,
        "height": 512,
        "position": [
            1.3333864403629934,
            -1.3333864403629931,
            0.1098291212753433
        ],
        "rotation": [
            [
                0.7059104684274671,
                0.7071067811865476,
                0.04111460281352911
            ],
            [
