[
    {
        "id": 0,
        "img_name": "image_0",
        "width": 512,
        "height": 512,
        "position": [
            0.0,
            0.8999999761581421,
            1.5588457584381104
        ],
        "rotation": [
            [
                1.0,
                0.0,
                0.0
            ],
            [
                0.0,
                0.8660253882408142,
                0.5
            ],
            [
                0.0,
                -0.5,
                0.8660253882408142
            ]
        ],
        "fy": 0.8569566627292158,
        "fx": 0.8569566627292158
    },
    {
        "id": 1,
        "img_name": "image_1",
        "width": 512,
        "height": 512,
        "position": [
            0.0,
            1.0,
            1.7320507764816284
        ],
        "rotation": [
            [
                1.0,
                0.0,
                0.0
            ],
            [
                0.0,
                0.8660253882408142,
                0.5
            ],
            [
                0.0,
                -0.5,
                0.8660253882408142
            ]
        ],
        "fy": 0.8569566627292158,
        "fx": 0.8569566627292158
    },
    {
        "id": 2,
        "img_name": "image_2",
        "width": 512,
        "height": 512,
        "position": [
            0.0,
            1.100000023841858,
            1.905255913734436
        ],
        "rotation": [
            [
                1.0,
                0.0,
                0.0
            ],
            [
                0.0,
                0.8660253882408142,
                0.5
            ],
            [
                0.0,
                -0.5,
                0.8660253882408142
            ]
        ],
        "fy": 0.8569566627292158,
        "fx": 0.8569566627292158
    },
    {
        "id": 3,
        "img_name": "image_3",
        "width": 512,
        "height": 512,
        "position": [
            0.0,
            0.0,
            1.7999999523162842
        ],
        "rotation": [
            [
                1.0,
                0.0,
                0.0
            ],
            [
                0.0,
                1.0,
                0.0
            ],
            [
                0.0,
                0.0,
                1.0
            ]
        ],
        "fy": 0.8569566627292158,
        "fx": 0.8569566627292158
    },
    {
        "id": 4,
        "img_name": "image_4",
        "width": 512,
        "height": 512,
        "position": [
            0.0,
            0.0,
            2.0
        ],
        "rotation": [
            [
                1.0,
                0.0,
                0.0
            ],
            [
                0.0,
                1.0,
                0.0
            ],
            [
                0.0,
                0.0,
                1.0
            ]
        ],
        "fy": 0.8569566627292158,
        "fx": 0.8569566627292158
    },
    {
        "id": 5,
        "img_name": "image_5",
        "width": 512,
        "height": 512,
        "position": [
            0.0,
            0.0,
            2.200000047683716
        ],
        "rotation": [
            [
                1.0,
                0.0,
                0.0
            ],
            [
                0.0,
                1.0,
                0.0
            ],
            [
                0.0,
                0.0,
                1.0
            ]
        ],
        "fy": 0.8569566627292158,
        "fx": 0.8569566627292158
    },
    {
        "id": 6,
        "img_name": "image_6",
        "width": 512,
        "height": 512,
        "position": [
            0.0,
            -0.8999999761581421,
            1.5588457584381104
        ],
        "rotation": [
            [
                1.0,
                0.0,
                0.0
            ],
            [
                0.0,
                0.8660253882408142,
                -0.5
            ],
            [
                -0.0,
                0.5,
                0.8660253882408142
            ]
        ],
        "fy": 0.8569566627292158,
        "fx": 0.8569566627292158
    },
    {
        "id": 7,
        "img_name": "image_7",
        "width": 512,
        "height": 512,
        "position": [
            0.0,
            -1.0,
            1.7320507764816284
        ],
        "rotation": [
            [
                1.0,
                0.0,
                0.0
            ],
            [
                0.0,
                0.8660253882408142,
                -0.5
            ],
            [
                -0.0,
                0.5,
                0.8660253882408142
            ]
        ],
        "fy": 0.8569566627292158,
        "fx": 0.8569566627292158
    },
    {
        "id": 8,
        "img_name": "image_8",
        "width": 512,
        "height": 512,
        "position": [
            0.0,
            -1.100000023841858,
            1.905255913734436
        ],
        "rotation": [
            [
                1.0,
                0.0,
                0.0
            ],
            [
                0.0,
                0.8660253882408142,
                -0.5
            ],
            [
                -0.0,
                0.5,
                0.8660253882408142
            ]
        ],
        "fy": 0.8569566627292158,
        "fx": 0.8569566627292158
    },
    {
        "id": 9,
        "img_name": "image_9",
        "width": 512,
        "height": 512,
        "position": [
            1.1022703647613525,
            0.8999999761581421,
            1.1022703647613525
        ],
        "rotation": [
            [
                0.7071067690849304,
                -0.3535533845424652,
                0.6123724579811096
            ],
            [
                0.0,
                0.8660253882408142,
                0.5
            ],
            [
                -0.7071067690849304,
                -0.3535533845424652,
                0.6123724579811096
            ]
        ],
        "fy": 0.8569566627292158,
        "fx": 0.8569566627292158
    },
    {
        "id": 10,
        "img_name": "image_10",
        "width": 512,
        "height": 512,
        "position": [
            1.2247449159622192,
            1.0,
            1.2247449159622192
        ],
        "rotation": [
            [
                0.7071067690849304,
                -0.3535533845424652,
                0.6123724579811096
            ],
            [
                0.0,
                0.8660253882408142,
                0.5
            ],
            [
                -0.7071067690849304,
                -0.3535533845424652,
                0.6123724579811096
            ]
        ],
        "fy": 0.8569566627292158,
        "fx": 0.8569566627292158
    },
    {
        "id": 11,
        "img_name": "image_11",
        "width": 512,
        "height": 512,
        "position": [
            1.3472193479537964,
            1.100000023841858,
            1.3472193479537964
        ],
        "rotation": [
            [
                0.7071067690849304,
                -0.3535533845424652,
                0.6123724579811096
            ],
            [
                0.0,
                0.8660253882408142,
                0.5
            ],
            [
                -0.7071067690849304,
                -0.3535533845424652,
                0.6123724579811096
            ]
        ],
        "fy": 0.8569566627292158,
        "fx": 0.8569566627292158
    },
    {
        "id": 12,
        "img_name": "image_12",
        "width": 512,
        "height": 512,
        "position": [
            1.2727922201156616,
            0.0,
            1.2727922201156616
        ],
        "rotation": [
            [
                0.7071067690849304,
                -0.0,
                0.7071067690849304
            ],
            [
                0.0,
                1.0,
                0.0
            ],
            [
                -0.7071067690849304,
                0.0,
                0.7071067690849304
            ]
        ],
        "fy": 0.8569566627292158,
        "fx": 0.8569566627292158
    },
    {
        "id": 13,
        "img_name": "image_13",
        "width": 512,
        "height": 512,
        "position": [
            1.4142135381698608,
            0.0,
            1.4142135381698608
        ],
        "rotation": [
            [
                0.7071067690849304,
                -0.0,
                0.7071067690849304
            ],
            [
                0.0,
                1.0,
                0.0
            ],
            [
                -0.7071067690849304,
                0.0,
                0.7071067690849304
            ]
        ],
        "fy": 0.8569566627292158,
        "fx": 0.8569566627292158
    },
    {
        "id": 14,
        "img_name": "image_14",
        "width": 512,
        "height": 512,
        "position": [
            1.5556349754333496,
            0.0,
            1.5556349754333496
        ],
        "rotation": [
            [
                0.7071067690849304,
                -0.0,
                0.7071067690849304
            ],
            [
                0.0,
                1.0,
                0.0
            ],
            [
                -0.7071067690849304,
                0.0,
                0.7071067690849304
            ]
        ],
        "fy": 0.8569566627292158,
        "fx": 0.8569566627292158
    },
    {
        "id": 15,
        "img_name": "image_15",
        "width": 512,
        "height": 512,
        "position": [
            1.1022703647613525,
            -0.8999999761581421,
            1.1022703647613525
        ],
        "rotation": [
            [
                0.7071067690849304,
                0.3535533845424652,
                0.6123724579811096
            ],
            [
                0.0,
                0.8660253882408142,
                -0.5
            ],
            [
                -0.7071067690849304,
                0.3535533845424652,
                0.6123724579811096
            ]
        ],
        "fy": 0.8569566627292158,
        "fx": 0.8569566627292158
    },
    {
        "id": 16,
        "img_name": "image_16",
        "width": 512,
        "height": 512,
        "position": [
            1.2247449159622192,
            -1.0,
            1.2247449159622192
        ],
        "rotation": [
            [
                0.7071067690849304,
                0.3535533845424652,
                0.6123724579811096
            ],
            [
                0.0,
                0.8660253882408142,
                -0.5
            ],
            [
                -0.7071067690849304,
                0.3535533845424652,
                0.6123724579811096
            ]
        ],
        "fy": 0.8569566627292158,
        "fx": 0.8569566627292158
    },
    {
        "id": 17,
        "img_name": "image_17",
        "width": 512,
        "height": 512,
        "position": [
            1.3472193479537964,
            -1.100000023841858,
            1.3472193479537964
        ],
        "rotation": [
            [
                0.7071067690849304,
                0.3535533845424652,
                0.6123724579811096
            ],
            [
                0.0,
                0.8660253882408142,
                -0.5
            ],
            [
                -0.7071067690849304,
                0.3535533845424652,
                0.6123724579811096
            ]
        ],
        "fy": 0.8569566627292158,
        "fx": 0.8569566627292158
    },
    {
        "id": 18,
        "img_name": "image_18",
        "width": 512,
        "height": 512,
        "position": [
            1.5588457584381104,
            0.8999999761581421,
            9.545177224917268e-17
        ],
        "rotation": [
            [
                6.123234262925839e-17,
                -0.5,
                0.8660253882408142
            ],
            [
                0.0,
                0.8660253882408142,
                0.5
            ],
            [
                -1.0,
                -3.0616171314629196e-17,
                5.302876236065149e-17
            ]
        ],
        "fy": 0.8569566627292158,
        "fx": 0.8569566627292158
    },
    {
        "id": 19,
        "img_name": "image_19",
        "width": 512,
        "height": 512,
        "position": [
            1.7320507764816284,
            1.0,
            1.0605752472130298e-16
        ],
        "rotation": [
            [
                6.123234262925839e-17,
                -0.5,
                0.8660253882408142
            ],
            [
                0.0,
                0.8660253882408142,
                0.5
            ],
            [
                -1.0,
                -3.0616171314629196e-17,
                5.302876236065149e-17
            ]
        ],
        "fy": 0.8569566627292158,
        "fx": 0.8569566627292158
    },
    {
        "id": 20,
        "img_name": "image_20",
        "width": 512,
        "height": 512,
        "position": [
            1.905255913734436,
            1.100000023841858,
            1.1666327719343328e-16
        ],
        "rotation": [
            [
                6.123234262925839e-17,
                -0.5,
                0.8660253882408142
            ],
            [
                0.0,
                0.8660253882408142,
                0.5
            ],
            [
                -1.0,
                -3.0616171314629196e-17,
                5.302876236065149e-17
            ]
        ],
        "fy": 0.8569566627292158,
        "fx": 0.8569566627292158
    },
    {
        "id": 21,
        "img_name": "image_21",
        "width": 512,
        "height": 512,
        "position": [
            1.7999999523162842,
            0.0,
            1.1021821011522021e-16
        ],
        "rotation": [
            [
                6.123234262925839e-17,
                -0.0,
                1.0
            ],
            [
                0.0,
                1.0,
                0.0
            ],
            [
                -1.0,
                0.0,
                6.123234262925839e-17
            ]
        ],
        "fy": 0.8569566627292158,
        "fx": 0.8569566627292158
    },
    {
        "id": 22,
        "img_name": "image_22",
        "width": 512,
        "height": 512,
        "position": [
            2.0,
            0.0,
            1.2246468525851679e-16
        ],
        "rotation": [
            [
                6.123234262925839e-17,
                -0.0,
                1.0
            ],
            [
                0.0,
                1.0,
                0.0
            ],
            [
                -1.0,
                0.0,
                6.123234262925839e-17
            ]
        ],
        "fy": 0.8569566627292158,
        "fx": 0.8569566627292158
    },
    {
        "id": 23,
        "img_name": "image_23",
        "width": 512,
        "height": 512,
        "position": [
            2.200000047683716,
            0.0,
            1.3471115378436846e-16
        ],
        "rotation": [
            [
                6.123234262925839e-17,
                -0.0,
                1.0
            ],
            [
                0.0,
                1.0,
                0.0
            ],
            [
                -1.0,
                0.0,
                6.123234262925839e-17
            ]
        ],
        "fy": 0.8569566627292158,
        "fx": 0.8569566627292158
    },
    {
        "id": 24,
        "img_name": "image_24",
        "width": 512,
        "height": 512,
        "position": [
            1.5588457584381104,
            -0.8999999761581421,
            9.545177224917268e-17
        ],
        "rotation": [
            [
                6.123234262925839e-17,
                0.5,
                0.8660253882408142
            ],
            [
                0.0,
                0.8660253882408142,
                -0.5
            ],
            [
                -1.0,
                3.0616171314629196e-17,
                5.302876236065149e-17
            ]
        ],
        "fy": 0.8569566627292158,
        "fx": 0.8569566627292158
    },
    {
        "id": 25,
        "img_name": "image_25",
        "width": 512,
        "height": 512,
        "position": [
            1.7320507764816284,
            -1.0,
            1.0605752472130298e-16
        ],
        "rotation": [
            [
                6.123234262925839e-17,
                0.5,
                0.8660253882408142
            ],
            [
                0.0,
                0.8660253882408142,
                -0.5
            ],
            [
                -1.0,
                3.0616171314629196e-17,
                5.302876236065149e-17
            ]
        ],
        "fy": 0.8569566627292158,
        "fx": 0.8569566627292158
    },
    {
        "id": 26,
        "img_name": "image_26",
        "width": 512,
        "height": 512,
        "position": [
            1.905255913734436,
            -1.100000023841858,
            1.1666327719343328e-16
        ],
        "rotation": [
            [
                6.123234262925839e-17,
                0.5,
                0.8660253882408142
            ],
            [
                0.0,
                0.8660253882408142,
                -0.5
            ],
            [
                -1.0,
                3.0616171314629196e-17,
                5.302876236065149e-17
            ]
        ],
        "fy": 0.8569566627292158,
        "fx": 0.8569566627292158
    },
    {
        "id": 27,
        "img_name": "image_27",
        "width": 512,
        "height": 512,
        "position": [
            1.1022703647613525,
            0.8999999761581421,
            -1.1022703647613525
        ],
        "rotation": [
            [
                -0.7071067690849304,
                -0.3535533845424652,
                0.6123724579811096
            ],
            [
                0.0,
                0.8660253882408142,
                0.5
            ],
            [
                -0.7071067690849304,
                0.3535533845424652,
                -0.6123724579811096
            ]
        ],
        "fy": 0.8569566627292158,
        "fx": 0.8569566627292158
    },
    {
        "id": 28,
        "img_name": "image_28",
        "width": 512,
        "height": 512,
        "position": [
            1.2247449159622192,
            1.0,
            -1.2247449159622192
        ],
        "rotation": [
            [
                -0.7071067690849304,
                -0.3535533845424652,
                0.6123724579811096
            ],
            [
                0.0,
                0.8660253882408142,
                0.5
            ],
            [
                -0.7071067690849304,
                0.3535533845424652,
                -0.6123724579811096
            ]
        ],
        "fy": 0.8569566627292158,
        "fx": 0.8569566627292158
    },
    {
        "id": 29,
        "img_name": "image_29",
        "width": 512,
        "height": 512,
        "position": [
            1.3472193479537964,
            1.100000023841858,
            -1.3472193479537964
        ],
        "rotation": [
            [
                -0.7071067690849304,
                -0.3535533845424652,
                0.6123724579811096
            ],
            [
                0.0,
                0.8660253882408142,
                0.5
            ],
            [
                -0.7071067690849304,
                0.3535533845424652,
                -0.6123724579811096
            ]
        ],
        "fy": 0.8569566627292158,
        "fx": 0.8569566627292158
    },
    {
        "id": 30,
        "img_name": "image_30",
        "width": 512,
        "height": 512,
        "position": [
            1.2727922201156616,
            0.0,
            -1.2727922201156616
        ],
        "rotation": [
            [
                -0.7071067690849304,
                0.0,
                0.7071067690849304
            ],
            [
                0.0,
                1.0,
                0.0
            ],
            [
                -0.7071067690849304,
                0.0,
                -0.7071067690849304
            ]
        ],
        "fy": 0.8569566627292158,
        "fx": 0.8569566627292158
    },
    {
        "id": 31,
        "img_name": "image_31",
        "width": 512,
        "height": 512,
        "position": [
            1.4142135381698608,
            0.0,
            -1.4142135381698608
        ],
        "rotation": [
            [
                -0.7071067690849304,
                0.0,
                0.7071067690849304
            ],
            [
                0.0,
                1.0,
                0.0
            ],
            [
                -0.7071067690849304,
                0.0,
                -0.7071067690849304
            ]
        ],
        "fy": 0.8569566627292158,
        "fx": 0.8569566627292158
    },
    {
        "id": 32,
        "img_name": "image_32",
        "width": 512,
        "height": 512,
        "position": [
            1.5556349754333496,
            0.0,
            -1.5556349754333496
        ],
        "rotation": [
            [
                -0.7071067690849304,
                0.0,
                0.7071067690849304
            ],
            [
                0.0,
                1.0,
                0.0
            ],
            [
                -0.7071067690849304,
                0.0,
                -0.7071067690849304
            ]
        ],
        "fy": 0.8569566627292158,
        "fx": 0.8569566627292158
    },
    {
        "id": 33,
        "img_name": "image_33",
        "width": 512,
        "height": 512,
        "position": [
            1.1022703647613525,
            -0.8999999761581421,
            -1.1022703647613525
        ],
        "rotation": [
            [
                -0.7071067690849304,
                0.3535533845424652,
                0.6123724579811096
            ],
            [
                0.0,
                0.8660253882408142,
                -0.5
            ],
            [
                -0.7071067690849304,
                -0.3535533845424652,
                -0.6123724579811096
            ]
        ],
        "fy": 0.8569566627292158,
        "fx": 0.8569566627292158
    },
    {
        "id": 34,
        "img_name": "image_34",
        "width": 512,
        "height": 512,
        "position": [
            1.2247449159622192,
            -1.0,
            -1.2247449159622192
        ],
        "rotation": [
            [
                -0.7071067690849304,
                0.3535533845424652,
                0.6123724579811096
            ],
            [
                0.0,
                0.8660253882408142,
                -0.5
            ],
            [
                -0.7071067690849304,
                -0.3535533845424652,
                -0.6123724579811096
            ]
        ],
        "fy": 0.8569566627292158,
        "fx": 0.8569566627292158
    },
    {
        "id": 35,
        "img_name": "image_35",
        "width": 512,
        "height": 512,
        "position": [
            1.3472193479537964,
            -1.100000023841858,
            -1.3472193479537964
        ],
        "rotation": [
            [
                -0.7071067690849304,
                0.3535533845424652,
                0.6123724579811096
            ],
            [
                0.0,
                0.8660253882408142,
                -0.5
            ],
            [
                -0.7071067690849304,
                -0.3535533845424652,
                -0.6123724579811096
            ]
        ],
        "fy": 0.8569566627292158,
        "fx": 0.8569566627292158
    },
    {
        "id": 36,
        "img_name": "image_36",
        "width": 512,
        "height": 512,
        "position": [
            1.9090354449834536e-16,
            0.8999999761581421,
            -1.5588457584381104
        ],
        "rotation": [
            [
                -1.0,
                -6.123234262925839e-17,
                1.0605752472130298e-16
            ],
            [
                0.0,
                0.8660253882408142,
                0.5
            ],
            [
                -1.2246468525851679e-16,
                0.5,
                -0.8660253882408142
            ]
        ],
        "fy": 0.8569566627292158,
        "fx": 0.8569566627292158
    },
    {
        "id": 37,
        "img_name": "image_37",
        "width": 512,
        "height": 512,
        "position": [
            2.1211504944260596e-16,
            1.0,
            -1.7320507764816284
        ],
        "rotation": [
            [
                -1.0,
                -6.123234262925839e-17,
                1.0605752472130298e-16
            ],
            [
                0.0,
                0.8660253882408142,
                0.5
            ],
            [
                -1.2246468525851679e-16,
                0.5,
                -0.8660253882408142
            ]
        ],
        "fy": 0.8569566627292158,
        "fx": 0.8569566627292158
    },
    {
        "id": 38,
        "img_name": "image_38",
        "width": 512,
        "height": 512,
        "position": [
            2.3332655438686655e-16,
            1.100000023841858,
            -1.905255913734436
        ],
        "rotation": [
            [
                -1.0,
                -6.123234262925839e-17,
                1.0605752472130298e-16
            ],
            [
                0.0,
                0.8660253882408142,
                0.5
            ],
            [
                -1.2246468525851679e-16,
                0.5,
                -0.8660253882408142
            ]
        ],
        "fy": 0.8569566627292158,
        "fx": 0.8569566627292158
    },
    {
        "id": 39,
        "img_name": "image_39",
        "width": 512,
        "height": 512,
        "position": [
            2.2043642023044041e-16,
            0.0,
            -1.7999999523162842
        ],
        "rotation": [
            [
                -1.0,
                0.0,
                1.2246468525851679e-16
            ],
            [
                0.0,
                1.0,
                0.0
            ],
            [
                -1.2246468525851679e-16,
                0.0,
                -1.0
            ]
        ],
        "fy": 0.8569566627292158,
        "fx": 0.8569566627292158
    },
    {
        "id": 40,
        "img_name": "image_40",
        "width": 512,
        "height": 512,
        "position": [
            2.4492937051703357e-16,
            0.0,
            -2.0
        ],
        "rotation": [
            [
                -1.0,
                0.0,
                1.2246468525851679e-16
            ],
            [
                0.0,
                1.0,
                0.0
            ],
            [
                -1.2246468525851679e-16,
                0.0,
                -1.0
            ]
        ],
        "fy": 0.8569566627292158,
        "fx": 0.8569566627292158
    },
    {
        "id": 41,
        "img_name": "image_41",
        "width": 512,
        "height": 512,
        "position": [
            2.6942230756873693e-16,
            0.0,
            -2.200000047683716
        ],
        "rotation": [
            [
                -1.0,
                0.0,
                1.2246468525851679e-16
            ],
            [
                0.0,
                1.0,
                0.0
            ],
            [
                -1.2246468525851679e-16,
                0.0,
                -1.0
            ]
        ],
        "fy": 0.8569566627292158,
        "fx": 0.8569566627292158
    },
    {
        "id": 42,
        "img_name": "image_42",
        "width": 512,
        "height": 512,
        "position": [
            1.9090354449834536e-16,
            -0.8999999761581421,
            -1.5588457584381104
        ],
        "rotation": [
            [
                -1.0,
                6.123234262925839e-17,
                1.0605752472130298e-16
            ],
            [
                0.0,
                0.8660253882408142,
                -0.5
            ],
            [
                -1.2246468525851679e-16,
                -0.5,
                -0.8660253882408142
            ]
        ],
        "fy": 0.8569566627292158,
        "fx": 0.8569566627292158
    },
    {
        "id": 43,
        "img_name": "image_43",
        "width": 512,
        "height": 512,
        "position": [
            2.1211504944260596e-16,
            -1.0,
            -1.7320507764816284
        ],
        "rotation": [
            [
                -1.0,
                6.123234262925839e-17,
                1.0605752472130298e-16
            ],
            [
                0.0,
                0.8660253882408142,
                -0.5
            ],
            [
                -1.2246468525851679e-16,
                -0.5,
                -0.8660253882408142
            ]
        ],
        "fy": 0.8569566627292158,
        "fx": 0.8569566627292158
    },
    {
        "id": 44,
        "img_name": "image_44",
        "width": 512,
        "height": 512,
        "position": [
            2.3332655438686655e-16,
            -1.100000023841858,
            -1.905255913734436
        ],
        "rotation": [
            [
                -1.0,
                6.123234262925839e-17,
                1.0605752472130298e-16
            ],
            [
                0.0,
                0.8660253882408142,
                -0.5
            ],
            [
                -1.2246468525851679e-16,
                -0.5,
                -0.8660253882408142
            ]
        ],
        "fy": 0.8569566627292158,
        "fx": 0.8569566627292158
    },
    {
        "id": 45,
        "img_name": "image_45",
        "width": 512,
        "height": 512,
        "position": [
            -1.1022703647613525,
            0.8999999761581421,
            -1.1022703647613525
        ],
        "rotation": [
            [
                -0.7071067690849304,
                0.3535533845424652,
                -0.6123724579811096
            ],
            [
                0.0,
                0.8660253882408142,
                0.5
            ],
            [
                0.7071067690849304,
                0.3535533845424652,
                -0.6123724579811096
            ]
        ],
        "fy": 0.8569566627292158,
        "fx": 0.8569566627292158
    },
    {
        "id": 46,
        "img_name": "image_46",
        "width": 512,
        "height": 512,
        "position": [
            -1.2247449159622192,
            1.0,
            -1.2247449159622192
        ],
        "rotation": [
            [
                -0.7071067690849304,
                0.3535533845424652,
                -0.6123724579811096
            ],
            [
                0.0,
                0.8660253882408142,
                0.5
            ],
            [
                0.7071067690849304,
                0.3535533845424652,
                -0.6123724579811096
            ]
        ],
        "fy": 0.8569566627292158,
        "fx": 0.8569566627292158
    },
    {
        "id": 47,
        "img_name": "image_47",
        "width": 512,
        "height": 512,
        "position": [
            -1.3472193479537964,
            1.100000023841858,
            -1.3472193479537964
        ],
        "rotation": [
            [
                -0.7071067690849304,
                0.3535533845424652,
                -0.6123724579811096
            ],
            [
                0.0,
                0.8660253882408142,
                0.5
            ],
            [
                0.7071067690849304,
                0.3535533845424652,
                -0.6123724579811096
            ]
        ],
        "fy": 0.8569566627292158,
        "fx": 0.8569566627292158
    },
    {
        "id": 48,
        "img_name": "image_48",
        "width": 512,
        "height": 512,
        "position": [
            -1.2727922201156616,
            0.0,
            -1.2727922201156616
        ],
        "rotation": [
            [
                -0.7071067690849304,
                0.0,
                -0.7071067690849304
            ],
            [
                0.0,
                1.0,
                0.0
            ],
            [
                0.7071067690849304,
                0.0,
                -0.7071067690849304
            ]
        ],
        "fy": 0.8569566627292158,
        "fx": 0.8569566627292158
    },
    {
        "id": 49,
        "img_name": "image_49",
        "width": 512,
        "height": 512,
        "position": [
            -1.4142135381698608,
            0.0,
            -1.4142135381698608
        ],
        "rotation": [
            [
                -0.7071067690849304,
                0.0,
                -0.7071067690849304
            ],
            [
                0.0,
                1.0,
                0.0
            ],
            [
                0.7071067690849304,
                0.0,
                -0.7071067690849304
            ]
        ],
        "fy": 0.8569566627292158,
        "fx": 0.8569566627292158
    },
    {
        "id": 50,
        "img_name": "image_50",
        "width": 512,
        "height": 512,
        "position": [
            -1.5556349754333496,
            0.0,
            -1.5556349754333496
        ],
        "rotation": [
            [
                -0.7071067690849304,
                0.0,
                -0.7071067690849304
            ],
            [
                0.0,
                1.0,
                0.0
            ],
            [
                0.7071067690849304,
                0.0,
                -0.7071067690849304
            ]
        ],
        "fy": 0.8569566627292158,
        "fx": 0.8569566627292158
    },
    {
        "id": 51,
        "img_name": "image_51",
        "width": 512,
        "height": 512,
        "position": [
            -1.1022703647613525,
            -0.8999999761581421,
            -1.1022703647613525
        ],
        "rotation": [
            [
                -0.7071067690849304,
                -0.3535533845424652,
                -0.6123724579811096
            ],
            [
                0.0,
                0.8660253882408142,
                -0.5
            ],
            [
                0.7071067690849304,
                -0.3535533845424652,
                -0.6123724579811096
            ]
        ],
        "fy": 0.8569566627292158,
        "fx": 0.8569566627292158
    },
    {
        "id": 52,
        "img_name": "image_52",
        "width": 512,
        "height": 512,
        "position": [
            -1.2247449159622192,
            -1.0,
            -1.2247449159622192
        ],
        "rotation": [
            [
                -0.7071067690849304,
                -0.3535533845424652,
                -0.6123724579811096
            ],
            [
                0.0,
                0.8660253882408142,
                -0.5
            ],
            [
                0.7071067690849304,
                -0.3535533845424652,
                -0.6123724579811096
            ]
        ],
        "fy": 0.8569566627292158,
        "fx": 0.8569566627292158
    },
    {
        "id": 53,
        "img_name": "image_53",
        "width": 512,
        "height": 512,
        "position": [
            -1.3472193479537964,
            -1.100000023841858,
            -1.3472193479537964
        ],
        "rotation": [
            [
                -0.7071067690849304,
                -0.3535533845424652,
                -0.6123724579811096
            ],
            [
                0.0,
                0.8660253882408142,
                -0.5
            ],
            [
                0.7071067690849304,
                -0.3535533845424652,
                -0.6123724579811096
            ]
        ],
        "fy": 0.8569566627292158,
        "fx": 0.8569566627292158
    },
    {
        "id": 54,
        "img_name": "image_54",
        "width": 512,
        "height": 512,
        "position": [
            -1.5588457584381104,
            0.8999999761581421,
            -2.8635531674751804e-16
        ],
        "rotation": [
            [
                -1.8369701465288538e-16,
                0.5,
                -0.8660253882408142
            ],
            [
                0.0,
                0.8660253882408142,
                0.5
            ],
            [
                1.0,
                9.184850732644269e-17,
                -1.5908628708195447e-16
            ]
        ],
        "fy": 0.8569566627292158,
        "fx": 0.8569566627292158
    },
    {
        "id": 55,
        "img_name": "image_55",
        "width": 512,
        "height": 512,
        "position": [
            -1.7320507764816284,
            1.0,
            -3.1817257416390894e-16
        ],
        "rotation": [
            [
                -1.8369701465288538e-16,
                0.5,
                -0.8660253882408142
            ],
            [
                0.0,
                0.8660253882408142,
                0.5
            ],
            [
                1.0,
                9.184850732644269e-17,
                -1.5908628708195447e-16
            ]
        ],
        "fy": 0.8569566627292158,
        "fx": 0.8569566627292158
    },
    {
        "id": 56,
        "img_name": "image_56",
        "width": 512,
        "height": 512,
        "position": [
            -1.905255913734436,
            1.100000023841858,
            -3.4998983158029983e-16
        ],
        "rotation": [
            [
                -1.8369701465288538e-16,
                0.5,
                -0.8660253882408142
            ],
            [
                0.0,
                0.8660253882408142,
                0.5
            ],
            [
                1.0,
                9.184850732644269e-17,
                -1.5908628708195447e-16
            ]
        ],
        "fy": 0.8569566627292158,
        "fx": 0.8569566627292158
    },
    {
        "id": 57,
        "img_name": "image_57",
        "width": 512,
        "height": 512,
        "position": [
            -1.7999999523162842,
            0.0,
            -3.306546369631055e-16
        ],
        "rotation": [
            [
                -1.8369701465288538e-16,
                0.0,
                -1.0
            ],
            [
                0.0,
                1.0,
                0.0
            ],
            [
                1.0,
                0.0,
                -1.8369701465288538e-16
            ]
        ],
        "fy": 0.8569566627292158,
        "fx": 0.8569566627292158
    },
    {
        "id": 58,
        "img_name": "image_58",
        "width": 512,
        "height": 512,
        "position": [
            -2.0,
            0.0,
            -3.6739402930577075e-16
        ],
        "rotation": [
            [
                -1.8369701465288538e-16,
                0.0,
                -1.0
            ],
            [
                0.0,
                1.0,
                0.0
            ],
            [
                1.0,
                0.0,
                -1.8369701465288538e-16
            ]
        ],
        "fy": 0.8569566627292158,
        "fx": 0.8569566627292158
    },
    {
        "id": 59,
        "img_name": "image_59",
        "width": 512,
        "height": 512,
        "position": [
            -2.200000047683716,
            0.0,
            -4.041334481182156e-16
        ],
        "rotation": [
            [
                -1.8369701465288538e-16,
                0.0,
                -1.0
