[
    {
        "id": 0,
        "img_name": "image_0",
        "width": 512,
        "height": 512,
        "position": [
            0.0,
            0.0,
            1.0
        ],
        "rotation": [
            [
                1.0,
                0.0,
                0.0
            ],
            [
                -0.0,
                -1.0,
                -0.0
            ],
            [
                -0.0,
                -0.0,
                -1.0
            ]
        ],
        "fy": 560.4441410821737,
        "fx": 560.4441410821737
    },
    {
        "id": 1,
        "img_name": "image_1",
        "width": 512,
        "height": 512,
        "position": [
            0.0,
            0.0,
            1.2222222089767456
        ],
        "rotation": [
            [
                1.0,
                0.0,
                0.0
            ],
            [
                -0.0,
                -1.0,
                -0.0
            ],
            [
                0.0,
                0.0,
                -1.0
            ]
        ],
        "fy": 560.4441410821737,
        "fx": 560.4441410821737
    },
    {
        "id": 2,
        "img_name": "image_2",
        "width": 512,
        "height": 512,
        "position": [
            0.0,
            0.0,
            1.4444444179534912
        ],
        "rotation": [
            [
                1.0,
                0.0,
                0.0
            ],
            [
                -0.0,
                -1.0,
                -0.0
            ],
            [
                0.0,
                0.0,
                -1.0
            ]
        ],
        "fy": 560.4441410821737,
        "fx": 560.4441410821737
    },
    {
        "id": 3,
        "img_name": "image_3",
        "width": 512,
        "height": 512,
        "position": [
            0.0,
            0.0,
            1.6666666269302368
        ],
        "rotation": [
            [
                1.0,
                0.0,
                0.0
            ],
            [
                -0.0,
                -1.0,
                -0.0
            ],
            [
                0.0,
                0.0,
                -1.0
            ]
        ],
        "fy": 560.4441410821737,
        "fx": 560.4441410821737
    },
    {
        "id": 4,
        "img_name": "image_4",
        "width": 512,
        "height": 512,
        "position": [
            0.0,
            0.0,
            1.8888888359069824
        ],
        "rotation": [
            [
                1.0,
                0.0,
                0.0
            ],
            [
                -0.0,
                -1.0,
                -0.0
            ],
            [
                0.0,
                0.0,
                -1.0
            ]
        ],
        "fy": 560.4441410821737,
        "fx": 560.4441410821737
    },
    {
        "id": 5,
        "img_name": "image_5",
        "width": 512,
        "height": 512,
        "position": [
            0.0,
            0.0,
            2.1111111640930176
        ],
        "rotation": [
            [
                1.0,
                0.0,
                0.0
            ],
            [
                -0.0,
                -1.0,
                -0.0
            ],
            [
                0.0,
                0.0,
                -1.0
            ]
        ],
        "fy": 560.4441410821737,
        "fx": 560.4441410821737
    },
    {
        "id": 6,
        "img_name": "image_6",
        "width": 512,
        "height": 512,
        "position": [
            0.0,
            0.0,
            2.3333332538604736
        ],
        "rotation": [
            [
                1.0,
                0.0,
                0.0
            ],
            [
                -0.0,
                -1.0,
                -0.0
            ],
            [
                0.0,
                0.0,
                -1.0
            ]
        ],
        "fy": 560.4441410821737,
        "fx": 560.4441410821737
    },
    {
        "id": 7,
        "img_name": "image_7",
        "width": 512,
        "height": 512,
        "position": [
            0.0,
            0.0,
            2.555555582046509
        ],
        "rotation": [
            [
                1.0,
                0.0,
                0.0
            ],
            [
                -0.0,
                -1.0,
                -0.0
            ],
            [
                0.0,
                0.0,
                -1.0
            ]
        ],
        "fy": 560.4441410821737,
        "fx": 560.4441410821737
    },
    {
        "id": 8,
        "img_name": "image_8",
        "width": 512,
        "height": 512,
        "position": [
            0.0,
            0.0,
            2.777777671813965
        ],
        "rotation": [
            [
                1.0,
                0.0,
                0.0
            ],
            [
                -0.0,
                -1.0,
                -0.0
            ],
            [
                0.0,
                0.0,
                -1.0
            ]
        ],
        "fy": 560.4441410821737,
        "fx": 560.4441410821737
    },
    {
        "id": 9,
        "img_name": "image_9",
        "width": 512,
        "height": 512,
        "position": [
            0.0,
            0.0,
            3.0
        ],
        "rotation": [
            [
                1.0,
                0.0,
                0.0
            ],
            [
                -0.0,
                -1.0,
                -0.0
            ],
            [
                0.0,
                0.0,
                -1.0
            ]
        ],
        "fy": 560.4441410821737,
        "fx": 560.4441410821737
    },
    {
        "id": 10,
        "img_name": "image_10",
        "width": 512,
        "height": 512,
        "position": [
            0.0,
            -0.08715573698282242,
            0.9961947202682495
        ],
        "rotation": [
            [
                1.0,
                0.0,
                0.0
            ],
            [
                -0.0,
                -0.9961947202682495,
                -0.08715573698282242
            ],
            [
                -0.0,
                0.08715573698282242,
                -0.9961947202682495
            ]
        ],
        "fy": 560.4441410821737,
        "fx": 560.4441410821737
    },
    {
        "id": 11,
        "img_name": "image_11",
        "width": 512,
        "height": 512,
        "position": [
            0.0,
            -0.10652368515729904,
            1.2175713777542114
        ],
        "rotation": [
            [
                1.0,
                0.0,
                0.0
            ],
            [
                -0.0,
                -0.9961947202682495,
                -0.08715574443340302
            ],
            [
                0.0,
                0.08715574443340302,
                -0.9961947798728943
            ]
        ],
        "fy": 560.4441410821737,
        "fx": 560.4441410821737
    },
    {
        "id": 12,
        "img_name": "image_12",
        "width": 512,
        "height": 512,
        "position": [
            0.0,
            -0.12589162588119507,
            1.4389479160308838
        ],
        "rotation": [
            [
                1.0,
                0.0,
                0.0
            ],
            [
                -0.0,
                -0.9961947202682495,
                -0.08715573698282242
            ],
            [
                0.0,
                0.08715574443340302,
                -0.9961947202682495
            ]
        ],
        "fy": 560.4441410821737,
        "fx": 560.4441410821737
    },
    {
        "id": 13,
        "img_name": "image_13",
        "width": 512,
        "height": 512,
        "position": [
            0.0,
            -0.1452595740556717,
            1.6603245735168457
        ],
        "rotation": [
            [
                1.0,
                0.0,
                0.0
            ],
            [
                -0.0,
                -0.9961947202682495,
                -0.08715574443340302
            ],
            [
                0.0,
                0.08715574443340302,
                -0.9961947798728943
            ]
        ],
        "fy": 560.4441410821737,
        "fx": 560.4441410821737
    },
    {
        "id": 14,
        "img_name": "image_14",
        "width": 512,
        "height": 512,
        "position": [
            0.0,
            -0.16462747752666473,
            1.8817009925842285
        ],
        "rotation": [
            [
                1.0,
                0.0,
                0.0
            ],
            [
                -0.0,
                -0.9961947202682495,
                -0.08715573698282242
            ],
            [
                0.0,
                0.08715573698282242,
                -0.9961946606636047
            ]
        ],
        "fy": 560.4441410821737,
        "fx": 560.4441410821737
    },
    {
        "id": 15,
        "img_name": "image_15",
        "width": 512,
        "height": 512,
        "position": [
            0.0,
            -0.18399544060230255,
            2.1030776500701904
        ],
        "rotation": [
            [
                1.0,
                0.0,
                0.0
            ],
            [
                -0.0,
                -0.9961947202682495,
                -0.08715574443340302
            ],
            [
                0.0,
                0.08715574443340302,
                -0.9961947798728943
            ]
        ],
        "fy": 560.4441410821737,
        "fx": 560.4441410821737
    },
    {
        "id": 16,
        "img_name": "image_16",
        "width": 512,
        "height": 512,
        "position": [
            0.0,
            -0.20336338877677917,
            2.3244543075561523
        ],
        "rotation": [
            [
                1.0,
                0.0,
                0.0
            ],
            [
                -0.0,
                -0.9961947202682495,
                -0.08715573698282242
            ],
            [
                0.0,
                0.08715574443340302,
                -0.9961947202682495
            ]
        ],
        "fy": 560.4441410821737,
        "fx": 560.4441410821737
    },
    {
        "id": 17,
        "img_name": "image_17",
        "width": 512,
        "height": 512,
        "position": [
            0.0,
            -0.2227313220500946,
            2.5458309650421143
        ],
        "rotation": [
            [
                1.0,
                0.0,
                0.0
            ],
            [
                -0.0,
                -0.9961947202682495,
                -0.08715573698282242
            ],
            [
                0.0,
                0.08715573698282242,
                -0.9961947202682495
            ]
        ],
        "fy": 560.4441410821737,
        "fx": 560.4441410821737
    },
    {
        "id": 18,
        "img_name": "image_18",
        "width": 512,
        "height": 512,
        "position": [
            0.0,
            -0.24209927022457123,
            2.767207384109497
        ],
        "rotation": [
            [
                1.0,
                0.0,
                0.0
            ],
            [
                -0.0,
                -0.9961947202682495,
                -0.08715573698282242
            ],
            [
                0.0,
                0.08715573698282242,
                -0.9961947202682495
            ]
        ],
        "fy": 560.4441410821737,
        "fx": 560.4441410821737
    },
    {
        "id": 19,
        "img_name": "image_19",
        "width": 512,
        "height": 512,
        "position": [
            0.0,
            -0.26146718859672546,
            2.98858380317688
        ],
        "rotation": [
            [
                1.0,
                0.0,
                0.0
            ],
            [
                -0.0,
                -0.9961947202682495,
                -0.08715573698282242
            ],
            [
                0.0,
                0.08715573698282242,
                -0.9961946606636047
            ]
        ],
        "fy": 560.4441410821737,
        "fx": 560.4441410821737
    },
    {
        "id": 20,
        "img_name": "image_20",
        "width": 512,
        "height": 512,
        "position": [
            0.0,
            -0.1736481785774231,
            0.9848077297210693
        ],
        "rotation": [
            [
                1.0,
                0.0,
                0.0
            ],
            [
                -0.0,
                -0.9848077297210693,
                -0.1736481785774231
            ],
            [
                -0.0,
                0.1736481785774231,
                -0.9848077297210693
            ]
        ],
        "fy": 560.4441410821737,
        "fx": 560.4441410821737
    },
    {
        "id": 21,
        "img_name": "image_21",
        "width": 512,
        "height": 512,
        "position": [
            0.0,
            -0.21223664283752441,
            1.2036538124084473
        ],
        "rotation": [
            [
                1.0,
                0.0,
                0.0
            ],
            [
                -0.0,
                -0.9848077297210693,
                -0.1736481785774231
            ],
            [
                0.0,
                0.1736481785774231,
                -0.9848076701164246
            ]
        ],
        "fy": 560.4441410821737,
        "fx": 560.4441410821737
    },
    {
        "id": 22,
        "img_name": "image_22",
        "width": 512,
        "height": 512,
        "position": [
            0.0,
            -0.2508251667022705,
            1.4225001335144043
        ],
        "rotation": [
            [
                1.0,
                0.0,
                0.0
            ],
            [
                -0.0,
                -0.9848077297210693,
                -0.1736481785774231
            ],
            [
                0.0,
                0.17364820837974548,
                -0.9848077297210693
            ]
        ],
        "fy": 560.4441410821737,
        "fx": 560.4441410821737
    },
    {
        "id": 23,
        "img_name": "image_23",
        "width": 512,
        "height": 512,
        "position": [
            0.0,
            -0.2894136309623718,
            1.6413462162017822
        ],
        "rotation": [
            [
                1.0,
                0.0,
                0.0
            ],
            [
                -0.0,
                -0.9848077297210693,
                -0.1736481785774231
            ],
            [
                0.0,
                0.1736481785774231,
                -0.9848077297210693
            ]
        ],
        "fy": 560.4441410821737,
        "fx": 560.4441410821737
    },
    {
        "id": 24,
        "img_name": "image_24",
        "width": 512,
        "height": 512,
        "position": [
            0.0,
            -0.3280021548271179,
            1.8601925373077393
        ],
        "rotation": [
            [
                1.0,
                0.0,
                0.0
            ],
            [
                -0.0,
                -0.9848077297210693,
                -0.1736481934785843
            ],
            [
                0.0,
                0.1736481934785843,
                -0.9848077893257141
            ]
        ],
        "fy": 560.4441410821737,
        "fx": 560.4441410821737
    },
    {
        "id": 25,
        "img_name": "image_25",
        "width": 512,
        "height": 512,
        "position": [
            0.0,
            -0.36659058928489685,
            2.079038619995117
        ],
        "rotation": [
            [
                1.0,
                0.0,
                0.0
            ],
            [
                -0.0,
                -0.9848077297210693,
                -0.1736481785774231
            ],
            [
                0.0,
                0.1736481785774231,
                -0.9848077297210693
            ]
        ],
        "fy": 560.4441410821737,
        "fx": 560.4441410821737
    },
    {
        "id": 26,
        "img_name": "image_26",
        "width": 512,
        "height": 512,
        "position": [
            0.0,
            -0.40517908334732056,
            2.297884464263916
        ],
        "rotation": [
            [
                1.0,
                0.0,
                0.0
            ],
            [
                -0.0,
                -0.9848077297210693,
                -0.1736481785774231
            ],
            [
                0.0,
                0.1736481785774231,
                -0.9848076701164246
            ]
        ],
        "fy": 560.4441410821737,
        "fx": 560.4441410821737
    },
    {
        "id": 27,
        "img_name": "image_27",
        "width": 512,
        "height": 512,
        "position": [
            0.0,
            -0.44376763701438904,
            2.5167312622070312
        ],
        "rotation": [
            [
                1.0,
                0.0,
                0.0
            ],
            [
                -0.0,
                -0.9848077297210693,
                -0.1736481934785843
            ],
            [
                0.0,
                0.1736481934785843,
                -0.9848077893257141
            ]
        ],
        "fy": 560.4441410821737,
        "fx": 560.4441410821737
    },
    {
        "id": 28,
        "img_name": "image_28",
        "width": 512,
        "height": 512,
        "position": [
            0.0,
            -0.48235607147216797,
            2.735577344894409
        ],
        "rotation": [
            [
                1.0,
                0.0,
                0.0
            ],
            [
                -0.0,
                -0.9848077297210693,
                -0.1736481934785843
            ],
            [
                0.0,
                0.1736481934785843,
                -0.9848077893257141
            ]
        ],
        "fy": 560.4441410821737,
        "fx": 560.4441410821737
    },
    {
        "id": 29,
        "img_name": "image_29",
        "width": 512,
        "height": 512,
        "position": [
            0.0,
            -0.5209445357322693,
            2.954423189163208
        ],
        "rotation": [
            [
                1.0,
                0.0,
                0.0
            ],
            [
                -0.0,
                -0.9848077297210693,
                -0.1736481785774231
            ],
            [
                0.0,
                0.1736481785774231,
                -0.9848077297210693
            ]
        ],
        "fy": 560.4441410821737,
        "fx": 560.4441410821737
    },
    {
        "id": 30,
        "img_name": "image_30",
        "width": 512,
        "height": 512,
        "position": [
            0.0,
            -0.258819043636322,
            0.9659258127212524
        ],
        "rotation": [
            [
                1.0,
                0.0,
                0.0
            ],
            [
                -0.0,
                -0.9659258723258972,
                -0.258819043636322
            ],
            [
                -0.0,
                0.258819043636322,
                -0.9659258127212524
            ]
        ],
        "fy": 560.4441410821737,
        "fx": 560.4441410821737
    },
    {
        "id": 31,
        "img_name": "image_31",
        "width": 512,
        "height": 512,
        "position": [
            0.0,
            -0.3163343667984009,
            1.180575966835022
        ],
        "rotation": [
            [
                1.0,
                0.0,
                0.0
            ],
            [
                -0.0,
                -0.9659258723258972,
                -0.258819043636322
            ],
            [
                0.0,
                0.25881901383399963,
                -0.9659258127212524
            ]
        ],
        "fy": 560.4441410821737,
        "fx": 560.4441410821737
    },
    {
        "id": 32,
        "img_name": "image_32",
        "width": 512,
        "height": 512,
        "position": [
            0.0,
            -0.37384968996047974,
            1.395226240158081
        ],
        "rotation": [
            [
                1.0,
                0.0,
                0.0
            ],
            [
                -0.0,
                -0.9659258723258972,
                -0.258819043636322
            ],
            [
                0.0,
                0.25881901383399963,
                -0.9659258127212524
            ]
        ],
        "fy": 560.4441410821737,
        "fx": 560.4441410821737
    },
    {
        "id": 33,
        "img_name": "image_33",
        "width": 512,
        "height": 512,
        "position": [
            0.0,
            -0.43136510252952576,
            1.6098763942718506
        ],
        "rotation": [
            [
                1.0,
                0.0,
                0.0
            ],
            [
                -0.0,
                -0.9659258723258972,
                -0.258819043636322
            ],
            [
                0.0,
                0.258819043636322,
                -0.9659258127212524
            ]
        ],
        "fy": 560.4441410821737,
        "fx": 560.4441410821737
    },
    {
        "id": 34,
        "img_name": "image_34",
        "width": 512,
        "height": 512,
        "position": [
            0.0,
            -0.488880455493927,
            1.8245266675949097
        ],
        "rotation": [
            [
                1.0,
                0.0,
                0.0
            ],
            [
                -0.0,
                -0.9659258723258972,
                -0.258819043636322
            ],
            [
                0.0,
                0.258819043636322,
                -0.9659258723258972
            ]
        ],
        "fy": 560.4441410821737,
        "fx": 560.4441410821737
    },
    {
        "id": 35,
        "img_name": "image_35",
        "width": 512,
        "height": 512,
        "position": [
            0.0,
            -0.5463957786560059,
            2.0391767024993896
        ],
        "rotation": [
            [
                1.0,
                0.0,
                0.0
            ],
            [
                -0.0,
                -0.9659258723258972,
                -0.258819043636322
            ],
            [
                0.0,
                0.258819043636322,
                -0.9659257531166077
            ]
        ],
        "fy": 560.4441410821737,
        "fx": 560.4441410821737
    },
    {
        "id": 36,
        "img_name": "image_36",
        "width": 512,
        "height": 512,
        "position": [
            0.0,
            -0.6039111018180847,
            2.253826856613159
        ],
        "rotation": [
            [
                1.0,
                0.0,
                0.0
            ],
            [
                -0.0,
                -0.9659258723258972,
                -0.258819043636322
            ],
            [
                0.0,
                0.258819043636322,
                -0.9659258127212524
            ]
        ],
        "fy": 560.4441410821737,
        "fx": 560.4441410821737
    },
    {
        "id": 37,
        "img_name": "image_37",
        "width": 512,
        "height": 512,
        "position": [
            0.0,
            -0.6614264845848083,
            2.468477249145508
        ],
        "rotation": [
            [
                1.0,
                0.0,
                0.0
            ],
            [
                -0.0,
                -0.9659258723258972,
                -0.258819043636322
            ],
            [
                0.0,
                0.258819043636322,
                -0.9659258723258972
            ]
        ],
        "fy": 560.4441410821737,
        "fx": 560.4441410821737
    },
    {
        "id": 38,
        "img_name": "image_38",
        "width": 512,
        "height": 512,
        "position": [
            0.0,
            -0.7189418077468872,
            2.6831274032592773
        ],
        "rotation": [
            [
                1.0,
                0.0,
                0.0
            ],
            [
                -0.0,
                -0.9659258723258972,
                -0.258819043636322
            ],
            [
                0.0,
                0.258819043636322,
                -0.9659258127212524
            ]
        ],
        "fy": 560.4441410821737,
        "fx": 560.4441410821737
    },
    {
        "id": 39,
        "img_name": "image_39",
        "width": 512,
        "height": 512,
        "position": [
            0.0,
            -0.7764571309089661,
            2.897777557373047
        ],
        "rotation": [
            [
                1.0,
                0.0,
                0.0
            ],
            [
                -0.0,
                -0.9659258723258972,
                -0.258819043636322
            ],
            [
                0.0,
                0.2588190734386444,
                -0.9659258723258972
            ]
        ],
        "fy": 560.4441410821737,
        "fx": 560.4441410821737
    },
    {
        "id": 40,
        "img_name": "image_40",
        "width": 512,
        "height": 512,
        "position": [
            0.0,
            -0.3420201539993286,
            0.9396926164627075
        ],
        "rotation": [
            [
                1.0,
                0.0,
                0.0
            ],
            [
                -0.0,
                -0.9396926164627075,
                -0.3420201539993286
            ],
            [
                -0.0,
                0.3420201539993286,
                -0.9396926164627075
            ]
        ],
        "fy": 560.4441410821737,
        "fx": 560.4441410821737
    },
    {
        "id": 41,
        "img_name": "image_41",
        "width": 512,
        "height": 512,
        "position": [
            0.0,
            -0.4180246591567993,
            1.1485131978988647
        ],
        "rotation": [
            [
                1.0,
                0.0,
                0.0
            ],
            [
                -0.0,
                -0.9396926164627075,
                -0.3420201539993286
            ],
            [
                0.0,
                0.342020183801651,
                -0.9396926164627075
            ]
        ],
        "fy": 560.4441410821737,
        "fx": 560.4441410821737
    },
    {
        "id": 42,
        "img_name": "image_42",
        "width": 512,
        "height": 512,
        "position": [
            0.0,
            -0.49402913451194763,
            1.357333779335022
        ],
        "rotation": [
            [
                1.0,
                0.0,
                0.0
            ],
            [
                -0.0,
                -0.9396926164627075,
                -0.3420201539993286
            ],
            [
                0.0,
                0.342020183801651,
                -0.9396926164627075
            ]
        ],
        "fy": 560.4441410821737,
        "fx": 560.4441410821737
    },
    {
        "id": 43,
        "img_name": "image_43",
        "width": 512,
        "height": 512,
        "position": [
            0.0,
            -0.5700335502624512,
            1.5661543607711792
        ],
        "rotation": [
            [
                1.0,
                0.0,
                0.0
            ],
            [
                -0.0,
                -0.9396926164627075,
                -0.3420201539993286
            ],
            [
                0.0,
                0.342020183801651,
                -0.9396926164627075
            ]
        ],
        "fy": 560.4441410821737,
        "fx": 560.4441410821737
    },
    {
        "id": 44,
        "img_name": "image_44",
        "width": 512,
        "height": 512,
        "position": [
            0.0,
            -0.6460380554199219,
            1.7749749422073364
        ],
        "rotation": [
            [
                1.0,
                0.0,
                0.0
            ],
            [
                -0.0,
                -0.9396926164627075,
                -0.3420201539993286
            ],
            [
                0.0,
                0.3420201539993286,
                -0.9396926164627075
            ]
        ],
        "fy": 560.4441410821737,
        "fx": 560.4441410821737
    },
    {
        "id": 45,
        "img_name": "image_45",
        "width": 512,
        "height": 512,
        "position": [
            0.0,
            -0.7220425605773926,
            1.9837956428527832
        ],
        "rotation": [
            [
                1.0,
                0.0,
                0.0
            ],
            [
                -0.0,
                -0.9396926164627075,
                -0.342020183801651
            ],
            [
                0.0,
                0.342020183801651,
                -0.9396926760673523
            ]
        ],
        "fy": 560.4441410821737,
        "fx": 560.4441410821737
    },
    {
        "id": 46,
        "img_name": "image_46",
        "width": 512,
        "height": 512,
        "position": [
            0.0,
            -0.7980470657348633,
            2.1926162242889404
        ],
        "rotation": [
            [
                1.0,
                0.0,
                0.0
            ],
            [
                -0.0,
                -0.9396926164627075,
                -0.3420201539993286
            ],
            [
                0.0,
                0.342020183801651,
                -0.9396926164627075
            ]
        ],
        "fy": 560.4441410821737,
        "fx": 560.4441410821737
    },
    {
        "id": 47,
        "img_name": "image_47",
        "width": 512,
        "height": 512,
        "position": [
            0.0,
            -0.8740514516830444,
            2.4014368057250977
        ],
        "rotation": [
            [
                1.0,
                0.0,
                0.0
            ],
            [
                -0.0,
                -0.9396926164627075,
                -0.342020183801651
            ],
            [
                0.0,
                0.342020183801651,
                -0.9396926760673523
            ]
        ],
        "fy": 560.4441410821737,
        "fx": 560.4441410821737
    },
    {
        "id": 48,
        "img_name": "image_48",
        "width": 512,
        "height": 512,
        "position": [
            0.0,
            -0.9500560164451599,
            2.610257387161255
        ],
        "rotation": [
            [
                1.0,
                0.0,
                0.0
            ],
            [
                -0.0,
                -0.9396926164627075,
                -0.3420201539993286
            ],
            [
                0.0,
                0.342020183801651,
                -0.9396926164627075
            ]
        ],
        "fy": 560.4441410821737,
        "fx": 560.4441410821737
    },
    {
        "id": 49,
        "img_name": "image_49",
        "width": 512,
        "height": 512,
        "position": [
            0.0,
            -1.0260603427886963,
            2.819077730178833
        ],
        "rotation": [
            [
                1.0,
                0.0,
                0.0
            ],
            [
                -0.0,
                -0.9396926760673523,
                -0.3420201241970062
            ],
            [
                0.0,
                0.3420201241970062,
                -0.9396925568580627
            ]
        ],
        "fy": 560.4441410821737,
        "fx": 560.4441410821737
    },
    {
        "id": 50,
        "img_name": "image_50",
        "width": 512,
        "height": 512,
        "position": [
            0.0,
            -0.4226182997226715,
            0.9063078761100769
        ],
        "rotation": [
            [
                1.0,
                0.0,
                0.0
            ],
            [
                -0.0,
                -0.9063078165054321,
                -0.4226182997226715
            ],
            [
                -0.0,
                0.4226182699203491,
                -0.9063078761100769
            ]
        ],
        "fy": 560.4441410821737,
        "fx": 560.4441410821737
    },
    {
        "id": 51,
        "img_name": "image_51",
        "width": 512,
        "height": 512,
        "position": [
            0.0,
            -0.5165334343910217,
            1.1077096462249756
        ],
        "rotation": [
            [
                1.0,
                0.0,
                0.0
            ],
            [
                -0.0,
                -0.9063078165054321,
                -0.4226182997226715
            ],
            [
                0.0,
                0.4226182699203491,
                -0.9063078761100769
            ]
        ],
        "fy": 560.4441410821737,
        "fx": 560.4441410821737
    },
    {
        "id": 52,
        "img_name": "image_52",
        "width": 512,
        "height": 512,
        "position": [
            0.0,
            -0.6104485988616943,
            1.3091113567352295
        ],
        "rotation": [
            [
                1.0,
                0.0,
                0.0
            ],
            [
                -0.0,
                -0.9063078165054321,
                -0.4226182997226715
            ],
            [
                0.0,
                0.4226182699203491,
                -0.9063078761100769
            ]
        ],
        "fy": 560.4441410821737,
        "fx": 560.4441410821737
    },
    {
        "id": 53,
        "img_name": "image_53",
        "width": 512,
        "height": 512,
        "position": [
            0.0,
            -0.7043638229370117,
            1.5105130672454834
        ],
        "rotation": [
            [
                1.0,
                0.0,
                0.0
            ],
            [
                -0.0,
                -0.9063078165054321,
                -0.4226182997226715
            ],
            [
                0.0,
                0.4226182997226715,
                -0.9063078761100769
            ]
        ],
        "fy": 560.4441410821737,
        "fx": 560.4441410821737
    },
    {
        "id": 54,
        "img_name": "image_54",
        "width": 512,
        "height": 512,
        "position": [
            0.0,
            -0.7982789874076843,
            1.7119148969650269
        ],
        "rotation": [
            [
                1.0,
                0.0,
                0.0
            ],
            [
                -0.0,
                -0.9063078165054321,
                -0.4226183295249939
            ],
            [
                0.0,
                0.4226182997226715,
                -0.9063079357147217
            ]
        ],
        "fy": 560.4441410821737,
        "fx": 560.4441410821737
    },
    {
        "id": 55,
        "img_name": "image_55",
        "width": 512,
        "height": 512,
        "position": [
            0.0,
            -0.8921942114830017,
            1.9133167266845703
        ],
        "rotation": [
            [
                1.0,
                0.0,
                0.0
            ],
            [
                -0.0,
                -0.9063078165054321,
                -0.4226182997226715
            ],
            [
                0.0,
                0.4226182997226715,
                -0.9063078761100769
            ]
        ],
        "fy": 560.4441410821737,
        "fx": 560.4441410821737
    },
    {
        "id": 56,
        "img_name": "image_56",
        "width": 512,
        "height": 512,
        "position": [
            0.0,
            -0.9861093163490295,
            2.114718198776245
        ],
        "rotation": [
            [
                1.0,
                0.0,
                0.0
            ],
            [
                -0.0,
                -0.9063078165054321,
                -0.4226182699203491
            ],
            [
                0.0,
                0.4226182997226715,
                -0.9063078165054321
            ]
        ],
        "fy": 560.4441410821737,
        "fx": 560.4441410821737
    },
    {
        "id": 57,
        "img_name": "image_57",
        "width": 512,
        "height": 512,
        "position": [
            0.0,
            -1.0800246000289917,
            2.316120147705078
        ],
        "rotation": [
            [
                1.0,
                0.0,
                0.0
            ],
            [
                -0.0,
                -0.9063078165054321,
                -0.4226182997226715
            ],
            [
                0.0,
                0.4226183295249939,
                -0.9063078761100769
            ]
        ],
        "fy": 560.4441410821737,
        "fx": 560.4441410821737
    },
    {
        "id": 58,
        "img_name": "image_58",
        "width": 512,
        "height": 512,
        "position": [
            0.0,
            -1.1739397048950195,
            2.517521858215332
        ],
        "rotation": [
            [
                1.0,
                0.0,
                0.0
            ],
            [
                -0.0,
                -0.9063078165054321,
                -0.4226182997226715
            ],
            [
                0.0,
                0.4226182997226715,
                -0.9063078761100769
            ]
        ],
        "fy": 560.4441410821737,
        "fx": 560.4441410821737
    },
    {
        "id": 59,
        "img_name": "image_59",
        "width": 512,
        "height": 512,
        "position": [
            0.0,
            -1.267854928970337,
            2.718923568725586
        ],
        "rotation": [
            [
                1.0,
                0.0,
                0.0
            ],
            [
                -0.0,
                -0.9063078165054321,
                -0.4226182997226715
            ],
            [
                0.0,
                0.4226182997226715,
                -0.9063078761100769
            ]
        ],
        "fy": 560.4441410821737,
        "fx": 560.4441410821737
    },
    {
        "id": 60,
        "img_name": "image_60",
        "width": 512,
        "height": 512,
        "position": [
            0.0,
            -0.5,
            0.866025447845459
        ],
        "rotation": [
            [
                1.0,
                0.0,
                0.0
            ],
            [
                -0.0,
                -0.866025447845459,
                -0.5000000596046448
            ],
            [
                -0.0,
                0.5,
                -0.866025447845459
            ]
        ],
        "fy": 560.4441410821737,
        "fx": 560.4441410821737
    },
    {
        "id": 61,
        "img_name": "image_61",
        "width": 512,
        "height": 512,
        "position": [
            0.0,
            -0.6111111044883728,
            1.0584754943847656
        ],
        "rotation": [
            [
                1.0,
                0.0,
                0.0
            ],
            [
                -0.0,
                -0.866025447845459,
                -0.5
            ],
            [
                0.0,
                0.5,
                -0.8660253882408142
            ]
        ],
        "fy": 560.4441410821737,
        "fx": 560.4441410821737
    },
    {
        "id": 62,
        "img_name": "image_62",
        "width": 512,
        "height": 512,
        "position": [
            0.0,
            -0.7222222089767456,
