[
    {
        "id": 0,
        "img_name": "image_0",
        "width": 512,
        "height": 512,
        "position": [
            -6.123233995736766e-17,
            -7.498798913309288e-33,
            -1.0
        ],
        "rotation": [
            [
                -6.123233995736766e-17,
                1.2246467991473532e-16,
                1.0
            ],
            [
                -7.498798913309288e-33,
                -1.0,
                1.2246467991473532e-16
            ],
            [
                1.0,
                0.0,
                6.123233995736766e-17
            ]
        ],
        "fy": 0.8569566627292158,
        "fx": 0.8569566627292158
    },
    {
        "id": 1,
        "img_name": "image_1",
        "width": 512,
        "height": 512,
        "position": [
            -7.483952661456048e-17,
            -9.165198671822464e-33,
            -1.2222222222222223
        ],
        "rotation": [
            [
                -6.123233995736766e-17,
                1.2246467991473532e-16,
                1.0
            ],
            [
                -7.498798913309288e-33,
                -1.0,
                1.2246467991473532e-16
            ],
            [
                1.0,
                0.0,
                6.123233995736766e-17
            ]
        ],
        "fy": 0.8569566627292158,
        "fx": 0.8569566627292158
    },
    {
        "id": 2,
        "img_name": "image_2",
        "width": 512,
        "height": 512,
        "position": [
            -8.844671327175329e-17,
            -1.0831598430335639e-32,
            -1.4444444444444444
        ],
        "rotation": [
            [
                -6.123233995736766e-17,
                1.2246467991473532e-16,
                1.0
            ],
            [
                -7.498798913309288e-33,
                -1.0,
                1.2246467991473532e-16
            ],
            [
                1.0,
                0.0,
                6.123233995736766e-17
            ]
        ],
        "fy": 0.8569566627292158,
        "fx": 0.8569566627292158
    },
    {
        "id": 3,
        "img_name": "image_3",
        "width": 512,
        "height": 512,
        "position": [
            -1.0205389992894609e-16,
            -1.2497998188848813e-32,
            -1.6666666666666665
        ],
        "rotation": [
            [
                -6.123233995736766e-17,
                1.2246467991473532e-16,
                1.0
            ],
            [
                -7.498798913309288e-33,
                -1.0,
                1.2246467991473532e-16
            ],
            [
                1.0,
                0.0,
                6.123233995736766e-17
            ]
        ],
        "fy": 0.8569566627292158,
        "fx": 0.8569566627292158
    },
    {
        "id": 4,
        "img_name": "image_4",
        "width": 512,
        "height": 512,
        "position": [
            -1.156610865861389e-16,
            -1.4164397947361987e-32,
            -1.8888888888888888
        ],
        "rotation": [
            [
                -6.123233995736766e-17,
                1.2246467991473532e-16,
                1.0
            ],
            [
                -7.498798913309288e-33,
                -1.0,
                1.2246467991473532e-16
            ],
            [
                1.0,
                0.0,
                6.123233995736766e-17
            ]
        ],
        "fy": 0.8569566627292158,
        "fx": 0.8569566627292158
    },
    {
        "id": 5,
        "img_name": "image_5",
        "width": 512,
        "height": 512,
        "position": [
            -1.2926827324333174e-16,
            -1.5830797705875165e-32,
            -2.111111111111111
        ],
        "rotation": [
            [
                -6.123233995736766e-17,
                1.2246467991473532e-16,
                1.0
            ],
            [
                -7.498798913309288e-33,
                -1.0,
                1.2246467991473532e-16
            ],
            [
                1.0,
                0.0,
                6.123233995736766e-17
            ]
        ],
        "fy": 0.8569566627292158,
        "fx": 0.8569566627292158
    },
    {
        "id": 6,
        "img_name": "image_6",
        "width": 512,
        "height": 512,
        "position": [
            -1.428754599005245e-16,
            -1.7497197464388336e-32,
            -2.333333333333333
        ],
        "rotation": [
            [
                -6.123233995736766e-17,
                1.2246467991473532e-16,
                1.0
            ],
            [
                -7.498798913309288e-33,
                -1.0,
                1.2246467991473532e-16
            ],
            [
                1.0,
                0.0,
                6.123233995736766e-17
            ]
        ],
        "fy": 0.8569566627292158,
        "fx": 0.8569566627292158
    },
    {
        "id": 7,
        "img_name": "image_7",
        "width": 512,
        "height": 512,
        "position": [
            -1.5648264655771733e-16,
            -1.9163597222901512e-32,
            -2.5555555555555554
        ],
        "rotation": [
            [
                -6.123233995736766e-17,
                1.2246467991473532e-16,
                1.0
            ],
            [
                -7.498798913309288e-33,
                -1.0,
                1.2246467991473532e-16
            ],
            [
                1.0,
                0.0,
                6.123233995736766e-17
            ]
        ],
        "fy": 0.8569566627292158,
        "fx": 0.8569566627292158
    },
    {
        "id": 8,
        "img_name": "image_8",
        "width": 512,
        "height": 512,
        "position": [
            -1.7008983321491015e-16,
            -2.0829996981414688e-32,
            -2.7777777777777777
        ],
        "rotation": [
            [
                -6.123233995736766e-17,
                1.2246467991473532e-16,
                1.0
            ],
            [
                -7.498798913309288e-33,
                -1.0,
                1.2246467991473532e-16
            ],
            [
                1.0,
                0.0,
                6.123233995736766e-17
            ]
        ],
        "fy": 0.8569566627292158,
        "fx": 0.8569566627292158
    },
    {
        "id": 9,
        "img_name": "image_9",
        "width": 512,
        "height": 512,
        "position": [
            -1.8369701987210297e-16,
            -2.2496396739927864e-32,
            -3.0
        ],
        "rotation": [
            [
                -6.123233995736766e-17,
                1.2246467991473532e-16,
                1.0
            ],
            [
                -7.498798913309288e-33,
                -1.0,
                1.2246467991473532e-16
            ],
            [
                1.0,
                0.0,
                6.123233995736766e-17
            ]
        ],
        "fy": 0.8569566627292158,
        "fx": 0.8569566627292158
    },
    {
        "id": 10,
        "img_name": "image_10",
        "width": 512,
        "height": 512,
        "position": [
            -0.3420201433256689,
            -4.1885387376769936e-17,
            -0.9396926207859083
        ],
        "rotation": [
            [
                -0.3420201433256689,
                1.2246467991473532e-16,
                0.9396926207859083
            ],
            [
                -4.1885387376769936e-17,
                -1.0,
                1.1507915602278503e-16
            ],
            [
                0.9396926207859083,
                0.0,
                0.3420201433256689
            ]
        ],
        "fy": 0.8569566627292158,
        "fx": 0.8569566627292158
    },
    {
        "id": 11,
        "img_name": "image_11",
        "width": 512,
        "height": 512,
        "position": [
            -0.418024619620262,
            -5.119325123827437e-17,
            -1.148513203182777
        ],
        "rotation": [
            [
                -0.3420201433256689,
                1.2246467991473532e-16,
                0.9396926207859083
            ],
            [
                -4.1885387376769936e-17,
                -1.0,
                1.1507915602278503e-16
            ],
            [
                0.9396926207859083,
                0.0,
                0.3420201433256689
            ]
        ],
        "fy": 0.8569566627292158,
        "fx": 0.8569566627292158
    },
    {
        "id": 12,
        "img_name": "image_12",
        "width": 512,
        "height": 512,
        "position": [
            -0.49402909591485505,
            -6.05011150997788e-17,
            -1.3573337855796452
        ],
        "rotation": [
            [
                -0.3420201433256689,
                1.2246467991473532e-16,
                0.9396926207859083
            ],
            [
                -4.1885387376769936e-17,
                -1.0,
                1.1507915602278503e-16
            ],
            [
                0.9396926207859083,
                0.0,
                0.3420201433256689
            ]
        ],
        "fy": 0.8569566627292158,
        "fx": 0.8569566627292158
    },
    {
        "id": 13,
        "img_name": "image_13",
        "width": 512,
        "height": 512,
        "position": [
            -0.5700335722094481,
            -6.980897896128322e-17,
            -1.5661543679765138
        ],
        "rotation": [
            [
                -0.3420201433256689,
                1.2246467991473532e-16,
                0.9396926207859083
            ],
            [
                -4.1885387376769936e-17,
                -1.0,
                1.1507915602278503e-16
            ],
            [
                0.9396926207859083,
                0.0,
                0.3420201433256689
            ]
        ],
        "fy": 0.8569566627292158,
        "fx": 0.8569566627292158
    },
    {
        "id": 14,
        "img_name": "image_14",
        "width": 512,
        "height": 512,
        "position": [
            -0.6460380485040412,
            -7.911684282278766e-17,
            -1.7749749503733823
        ],
        "rotation": [
            [
                -0.3420201433256689,
                1.2246467991473532e-16,
                0.9396926207859083
            ],
            [
                -4.1885387376769936e-17,
                -1.0,
                1.1507915602278503e-16
            ],
            [
                0.9396926207859083,
                0.0,
                0.3420201433256689
            ]
        ],
        "fy": 0.8569566627292158,
        "fx": 0.8569566627292158
    },
    {
        "id": 15,
        "img_name": "image_15",
        "width": 512,
        "height": 512,
        "position": [
            -0.7220425247986343,
            -8.842470668429209e-17,
            -1.983795532770251
        ],
        "rotation": [
            [
                -0.3420201433256689,
                1.2246467991473532e-16,
                0.9396926207859083
            ],
            [
                -4.1885387376769936e-17,
                -1.0,
                1.1507915602278503e-16
            ],
            [
                0.9396926207859083,
                0.0,
                0.3420201433256689
            ]
        ],
        "fy": 0.8569566627292158,
        "fx": 0.8569566627292158
    },
    {
        "id": 16,
        "img_name": "image_16",
        "width": 512,
        "height": 512,
        "position": [
            -0.7980470010932272,
            -9.77325705457965e-17,
            -2.192616115167119
        ],
        "rotation": [
            [
                -0.3420201433256689,
                1.2246467991473532e-16,
                0.9396926207859083
            ],
            [
                -4.1885387376769936e-17,
                -1.0,
                1.1507915602278503e-16
            ],
            [
                0.9396926207859083,
                0.0,
                0.3420201433256689
            ]
        ],
        "fy": 0.8569566627292158,
        "fx": 0.8569566627292158
    },
    {
        "id": 17,
        "img_name": "image_17",
        "width": 512,
        "height": 512,
        "position": [
            -0.8740514773878204,
            -1.0704043440730094e-16,
            -2.401436697563988
        ],
        "rotation": [
            [
                -0.3420201433256689,
                1.2246467991473532e-16,
                0.9396926207859083
            ],
            [
                -4.1885387376769936e-17,
                -1.0,
                1.1507915602278503e-16
            ],
            [
                0.9396926207859083,
                0.0,
                0.3420201433256689
            ]
        ],
        "fy": 0.8569566627292158,
        "fx": 0.8569566627292158
    },
    {
        "id": 18,
        "img_name": "image_18",
        "width": 512,
        "height": 512,
        "position": [
            -0.9500559536824135,
            -1.1634829826880537e-16,
            -2.6102572799608565
        ],
        "rotation": [
            [
                -0.3420201433256689,
                1.2246467991473532e-16,
                0.9396926207859083
            ],
            [
                -4.1885387376769936e-17,
                -1.0,
                1.1507915602278503e-16
            ],
            [
                0.9396926207859083,
                0.0,
                0.3420201433256689
            ]
        ],
        "fy": 0.8569566627292158,
        "fx": 0.8569566627292158
    },
    {
        "id": 19,
        "img_name": "image_19",
        "width": 512,
        "height": 512,
        "position": [
            -1.0260604299770066,
            -1.256561621303098e-16,
            -2.819077862357725
        ],
        "rotation": [
            [
                -0.3420201433256689,
                1.2246467991473532e-16,
                0.9396926207859083
            ],
            [
                -4.1885387376769936e-17,
                -1.0,
                1.1507915602278503e-16
            ],
            [
                0.9396926207859083,
                0.0,
                0.3420201433256689
            ]
        ],
        "fy": 0.8569566627292158,
        "fx": 0.8569566627292158
    },
    {
        "id": 20,
        "img_name": "image_20",
        "width": 512,
        "height": 512,
        "position": [
            -0.6427876096865394,
            -7.871877887341986e-17,
            -0.7660444431189781
        ],
        "rotation": [
            [
                -0.6427876096865394,
                1.2246467991473532e-16,
                0.7660444431189781
            ],
            [
                -7.871877887341986e-17,
                -1.0,
                9.381338752702732e-17
            ],
            [
                0.7660444431189781,
                0.0,
                0.6427876096865394
            ]
        ],
        "fy": 0.8569566627292158,
        "fx": 0.8569566627292158
    },
    {
        "id": 21,
        "img_name": "image_21",
        "width": 512,
        "height": 512,
        "position": [
            -0.7856293007279926,
            -9.621184084529095e-17,
            -0.9362765415898622
        ],
        "rotation": [
            [
                -0.6427876096865394,
                1.2246467991473532e-16,
                0.7660444431189781
            ],
            [
                -7.871877887341986e-17,
                -1.0,
                9.381338752702732e-17
            ],
            [
                0.7660444431189781,
                0.0,
                0.6427876096865394
            ]
        ],
        "fy": 0.8569566627292158,
        "fx": 0.8569566627292158
    },
    {
        "id": 22,
        "img_name": "image_22",
        "width": 512,
        "height": 512,
        "position": [
            -0.9284709917694457,
            -1.1370490281716203e-16,
            -1.1065086400607462
        ],
        "rotation": [
            [
                -0.6427876096865394,
                1.2246467991473532e-16,
                0.7660444431189781
            ],
            [
                -7.871877887341986e-17,
                -1.0,
                9.381338752702732e-17
            ],
            [
                0.7660444431189781,
                0.0,
                0.6427876096865394
            ]
        ],
        "fy": 0.8569566627292158,
        "fx": 0.8569566627292158
    },
    {
        "id": 23,
        "img_name": "image_23",
        "width": 512,
        "height": 512,
        "position": [
            -1.0713126828108988,
            -1.311979647890331e-16,
            -1.27674073853163
        ],
        "rotation": [
            [
                -0.6427876096865394,
                1.2246467991473532e-16,
                0.7660444431189781
            ],
            [
                -7.871877887341986e-17,
                -1.0,
                9.381338752702732e-17
            ],
            [
                0.7660444431189781,
                0.0,
                0.6427876096865394
            ]
        ],
        "fy": 0.8569566627292158,
        "fx": 0.8569566627292158
    },
    {
        "id": 24,
        "img_name": "image_24",
        "width": 512,
        "height": 512,
        "position": [
            -1.2141543738523521,
            -1.4869102676090418e-16,
            -1.4469728370025141
        ],
        "rotation": [
            [
                -0.6427876096865394,
                1.2246467991473532e-16,
                0.7660444431189781
            ],
            [
                -7.871877887341986e-17,
                -1.0,
                9.381338752702732e-17
            ],
            [
                0.7660444431189781,
                0.0,
                0.6427876096865394
            ]
        ],
        "fy": 0.8569566627292158,
        "fx": 0.8569566627292158
    },
    {
        "id": 25,
        "img_name": "image_25",
        "width": 512,
        "height": 512,
        "position": [
            -1.3569960648938053,
            -1.6618408873277527e-16,
            -1.6172049354733984
        ],
        "rotation": [
            [
                -0.6427876096865394,
                1.2246467991473532e-16,
                0.7660444431189781
            ],
            [
                -7.871877887341986e-17,
                -1.0,
                9.381338752702732e-17
            ],
            [
                0.7660444431189781,
                0.0,
                0.6427876096865394
            ]
        ],
        "fy": 0.8569566627292158,
        "fx": 0.8569566627292158
    },
    {
        "id": 26,
        "img_name": "image_26",
        "width": 512,
        "height": 512,
        "position": [
            -1.4998377559352583,
            -1.836771507046463e-16,
            -1.787437033944282
        ],
        "rotation": [
            [
                -0.6427876096865394,
                1.2246467991473532e-16,
                0.7660444431189781
            ],
            [
                -7.871877887341986e-17,
                -1.0,
                9.381338752702732e-17
            ],
            [
                0.7660444431189781,
                0.0,
                0.6427876096865394
            ]
        ],
        "fy": 0.8569566627292158,
        "fx": 0.8569566627292158
    },
    {
        "id": 27,
        "img_name": "image_27",
        "width": 512,
        "height": 512,
        "position": [
            -1.6426794469767116,
            -2.0117021267651742e-16,
            -1.9576691324151663
        ],
        "rotation": [
            [
                -0.6427876096865394,
                1.2246467991473532e-16,
                0.7660444431189781
            ],
            [
                -7.871877887341986e-17,
                -1.0,
                9.381338752702732e-17
            ],
            [
                0.7660444431189781,
                0.0,
                0.6427876096865394
            ]
        ],
        "fy": 0.8569566627292158,
        "fx": 0.8569566627292158
    },
    {
        "id": 28,
        "img_name": "image_28",
        "width": 512,
        "height": 512,
        "position": [
            -1.7855211380181648,
            -2.1866327464838851e-16,
            -2.1279012308860503
        ],
        "rotation": [
            [
                -0.6427876096865394,
                1.2246467991473532e-16,
                0.7660444431189781
            ],
            [
                -7.871877887341986e-17,
                -1.0,
                9.381338752702732e-17
            ],
            [
                0.7660444431189781,
                0.0,
                0.6427876096865394
            ]
        ],
        "fy": 0.8569566627292158,
        "fx": 0.8569566627292158
    },
    {
        "id": 29,
        "img_name": "image_29",
        "width": 512,
        "height": 512,
        "position": [
            -1.9283628290596182,
            -2.361563366202596e-16,
            -2.2981333293569346
        ],
        "rotation": [
            [
                -0.6427876096865394,
                1.2246467991473532e-16,
                0.7660444431189781
            ],
            [
                -7.871877887341986e-17,
                -1.0,
                9.381338752702732e-17
            ],
            [
                0.7660444431189781,
                0.0,
                0.6427876096865394
            ]
        ],
        "fy": 0.8569566627292158,
        "fx": 0.8569566627292158
    },
    {
        "id": 30,
        "img_name": "image_30",
        "width": 512,
        "height": 512,
        "position": [
            -0.8660254037844386,
            -1.0605752387249068e-16,
            -0.4999999999999999
        ],
        "rotation": [
            [
                -0.8660254037844386,
                1.2246467991473532e-16,
                0.4999999999999999
            ],
            [
                -1.0605752387249068e-16,
                -1.0,
                6.123233995736765e-17
            ],
            [
                0.4999999999999999,
                0.0,
                0.8660254037844386
            ]
        ],
        "fy": 0.8569566627292158,
        "fx": 0.8569566627292158
    },
    {
        "id": 31,
        "img_name": "image_31",
        "width": 512,
        "height": 512,
        "position": [
            -1.058475493514314,
            -1.2962586251082197e-16,
            -0.611111111111111
        ],
        "rotation": [
            [
                -0.8660254037844386,
                1.2246467991473532e-16,
                0.4999999999999999
            ],
            [
                -1.0605752387249068e-16,
                -1.0,
                6.123233995736765e-17
            ],
            [
                0.4999999999999999,
                0.0,
                0.8660254037844386
            ]
        ],
        "fy": 0.8569566627292158,
        "fx": 0.8569566627292158
    },
    {
        "id": 32,
        "img_name": "image_32",
        "width": 512,
        "height": 512,
        "position": [
            -1.250925583244189,
            -1.531942011491532e-16,
            -0.7222222222222221
        ],
        "rotation": [
            [
                -0.8660254037844386,
                1.2246467991473532e-16,
                0.4999999999999999
            ],
            [
                -1.0605752387249068e-16,
                -1.0,
                6.123233995736765e-17
            ],
            [
                0.4999999999999999,
                0.0,
                0.8660254037844386
            ]
        ],
        "fy": 0.8569566627292158,
        "fx": 0.8569566627292158
    },
    {
        "id": 33,
        "img_name": "image_33",
        "width": 512,
        "height": 512,
        "position": [
            -1.443375672974064,
            -1.7676253978748444e-16,
            -0.833333333333333
        ],
        "rotation": [
            [
                -0.8660254037844386,
                1.2246467991473532e-16,
                0.4999999999999999
            ],
            [
                -1.0605752387249068e-16,
                -1.0,
                6.123233995736765e-17
            ],
            [
                0.4999999999999999,
                0.0,
                0.8660254037844386
            ]
        ],
        "fy": 0.8569566627292158,
        "fx": 0.8569566627292158
    },
    {
        "id": 34,
        "img_name": "image_34",
        "width": 512,
        "height": 512,
        "position": [
            -1.6358257627039394,
            -2.0033087842581572e-16,
            -0.9444444444444442
        ],
        "rotation": [
            [
                -0.8660254037844386,
                1.2246467991473532e-16,
                0.4999999999999999
            ],
            [
                -1.0605752387249068e-16,
                -1.0,
                6.123233995736765e-17
            ],
            [
                0.4999999999999999,
                0.0,
                0.8660254037844386
            ]
        ],
        "fy": 0.8569566627292158,
        "fx": 0.8569566627292158
    },
    {
        "id": 35,
        "img_name": "image_35",
        "width": 512,
        "height": 512,
        "position": [
            -1.828275852433815,
            -2.23899217064147e-16,
            -1.0555555555555554
        ],
        "rotation": [
            [
                -0.8660254037844386,
                1.2246467991473532e-16,
                0.4999999999999999
            ],
            [
                -1.0605752387249068e-16,
                -1.0,
                6.123233995736765e-17
            ],
            [
                0.4999999999999999,
                0.0,
                0.8660254037844386
            ]
        ],
        "fy": 0.8569566627292158,
        "fx": 0.8569566627292158
    },
    {
        "id": 36,
        "img_name": "image_36",
        "width": 512,
        "height": 512,
        "position": [
            -2.02072594216369,
            -2.474675557024782e-16,
            -1.1666666666666663
        ],
        "rotation": [
            [
                -0.8660254037844386,
                1.2246467991473532e-16,
                0.4999999999999999
            ],
            [
                -1.0605752387249068e-16,
                -1.0,
                6.123233995736765e-17
            ],
            [
                0.4999999999999999,
                0.0,
                0.8660254037844386
            ]
        ],
        "fy": 0.8569566627292158,
        "fx": 0.8569566627292158
    },
    {
        "id": 37,
        "img_name": "image_37",
        "width": 512,
        "height": 512,
        "position": [
            -2.213176031893565,
            -2.710358943408095e-16,
            -1.2777777777777775
        ],
        "rotation": [
            [
                -0.8660254037844386,
                1.2246467991473532e-16,
                0.4999999999999999
            ],
            [
                -1.0605752387249068e-16,
                -1.0,
                6.123233995736765e-17
            ],
            [
                0.4999999999999999,
                0.0,
                0.8660254037844386
            ]
        ],
        "fy": 0.8569566627292158,
        "fx": 0.8569566627292158
    },
    {
        "id": 38,
        "img_name": "image_38",
        "width": 512,
        "height": 512,
        "position": [
            -2.4056261216234405,
            -2.9460423297914077e-16,
            -1.3888888888888886
        ],
        "rotation": [
            [
                -0.8660254037844386,
                1.2246467991473532e-16,
                0.4999999999999999
            ],
            [
                -1.0605752387249068e-16,
                -1.0,
                6.123233995736765e-17
            ],
            [
                0.4999999999999999,
                0.0,
                0.8660254037844386
            ]
        ],
        "fy": 0.8569566627292158,
        "fx": 0.8569566627292158
    },
    {
        "id": 39,
        "img_name": "image_39",
        "width": 512,
        "height": 512,
        "position": [
            -2.598076211353316,
            -3.181725716174721e-16,
            -1.4999999999999996
        ],
        "rotation": [
            [
                -0.8660254037844386,
                1.2246467991473532e-16,
                0.4999999999999999
            ],
            [
                -1.0605752387249068e-16,
                -1.0,
                6.123233995736765e-17
            ],
            [
                0.4999999999999999,
                0.0,
                0.8660254037844386
            ]
        ],
        "fy": 0.8569566627292158,
        "fx": 0.8569566627292158
    },
    {
        "id": 40,
        "img_name": "image_40",
        "width": 512,
        "height": 512,
        "position": [
            -0.984807753012208,
            -1.2060416625018976e-16,
            -0.17364817766693036
        ],
        "rotation": [
            [
                -0.984807753012208,
                1.2246467991473532e-16,
                0.17364817766693036
            ],
            [
                -1.2060416625018976e-16,
                -1.0,
                2.1265768495757716e-17
            ],
            [
                0.17364817766693036,
                0.0,
                0.984807753012208
            ]
        ],
        "fy": 0.8569566627292158,
        "fx": 0.8569566627292158
    },
    {
        "id": 41,
        "img_name": "image_41",
        "width": 512,
        "height": 512,
        "position": [
            -1.2036539203482544,
            -1.474050920835653e-16,
            -0.2122366615929149
        ],
        "rotation": [
            [
                -0.984807753012208,
                1.2246467991473532e-16,
                0.17364817766693036
            ],
            [
                -1.2060416625018976e-16,
                -1.0,
                2.1265768495757716e-17
            ],
            [
                0.17364817766693036,
                0.0,
                0.984807753012208
            ]
        ],
        "fy": 0.8569566627292158,
        "fx": 0.8569566627292158
    },
    {
        "id": 42,
        "img_name": "image_42",
        "width": 512,
        "height": 512,
        "position": [
            -1.4225000876843004,
            -1.7420601791694077e-16,
            -0.2508251455188994
        ],
        "rotation": [
            [
                -0.984807753012208,
                1.2246467991473532e-16,
                0.17364817766693036
            ],
            [
                -1.2060416625018976e-16,
                -1.0,
                2.1265768495757716e-17
            ],
            [
                0.17364817766693036,
                0.0,
                0.984807753012208
            ]
        ],
        "fy": 0.8569566627292158,
        "fx": 0.8569566627292158
    },
    {
        "id": 43,
        "img_name": "image_43",
        "width": 512,
        "height": 512,
        "position": [
            -1.6413462550203466,
            -2.0100694375031628e-16,
            -0.2894136294448839
        ],
        "rotation": [
            [
                -0.984807753012208,
                1.2246467991473532e-16,
                0.17364817766693036
            ],
            [
                -1.2060416625018976e-16,
                -1.0,
                2.1265768495757716e-17
            ],
            [
                0.17364817766693036,
                0.0,
                0.984807753012208
            ]
        ],
        "fy": 0.8569566627292158,
        "fx": 0.8569566627292158
    },
    {
        "id": 44,
        "img_name": "image_44",
        "width": 512,
        "height": 512,
        "position": [
            -1.8601924223563928,
            -2.2780786958369176e-16,
            -0.32800211337086843
        ],
        "rotation": [
            [
                -0.984807753012208,
                1.2246467991473532e-16,
                0.17364817766693036
            ],
            [
                -1.2060416625018976e-16,
                -1.0,
                2.1265768495757716e-17
            ],
            [
                0.17364817766693036,
                0.0,
                0.984807753012208
            ]
        ],
        "fy": 0.8569566627292158,
        "fx": 0.8569566627292158
    },
    {
        "id": 45,
        "img_name": "image_45",
        "width": 512,
        "height": 512,
        "position": [
            -2.079038589692439,
            -2.546087954170673e-16,
            -0.366590597296853
        ],
        "rotation": [
            [
                -0.984807753012208,
                1.2246467991473532e-16,
                0.17364817766693036
            ],
            [
                -1.2060416625018976e-16,
                -1.0,
                2.1265768495757716e-17
            ],
            [
                0.17364817766693036,
                0.0,
                0.984807753012208
            ]
        ],
        "fy": 0.8569566627292158,
        "fx": 0.8569566627292158
    },
    {
        "id": 46,
        "img_name": "image_46",
        "width": 512,
        "height": 512,
        "position": [
            -2.297884757028485,
            -2.8140972125044277e-16,
            -0.40517908122283747
        ],
        "rotation": [
            [
                -0.984807753012208,
                1.2246467991473532e-16,
                0.17364817766693036
            ],
            [
                -1.2060416625018976e-16,
                -1.0,
                2.1265768495757716e-17
            ],
            [
                0.17364817766693036,
                0.0,
                0.984807753012208
            ]
        ],
        "fy": 0.8569566627292158,
        "fx": 0.8569566627292158
    },
    {
        "id": 47,
        "img_name": "image_47",
        "width": 512,
        "height": 512,
        "position": [
            -2.5167309243645315,
            -3.082106470838183e-16,
            -0.443767565148822
        ],
        "rotation": [
            [
                -0.984807753012208,
                1.2246467991473532e-16,
                0.17364817766693036
            ],
            [
                -1.2060416625018976e-16,
                -1.0,
                2.1265768495757716e-17
            ],
            [
                0.17364817766693036,
                0.0,
                0.984807753012208
            ]
        ],
        "fy": 0.8569566627292158,
        "fx": 0.8569566627292158
    },
    {
        "id": 48,
        "img_name": "image_48",
        "width": 512,
        "height": 512,
        "position": [
            -2.735577091700578,
            -3.3501157291719383e-16,
            -0.48235604907480656
        ],
        "rotation": [
            [
                -0.984807753012208,
                1.2246467991473532e-16,
                0.17364817766693036
            ],
            [
                -1.2060416625018976e-16,
                -1.0,
                2.1265768495757716e-17
            ],
            [
                0.17364817766693036,
                0.0,
                0.984807753012208
            ]
        ],
        "fy": 0.8569566627292158,
        "fx": 0.8569566627292158
    },
    {
        "id": 49,
        "img_name": "image_49",
        "width": 512,
        "height": 512,
        "position": [
            -2.954423259036624,
            -3.618124987505693e-16,
            -0.5209445330007911
        ],
        "rotation": [
            [
                -0.984807753012208,
                1.2246467991473532e-16,
                0.17364817766693036
            ],
            [
                -1.2060416625018976e-16,
                -1.0,
                2.1265768495757716e-17
            ],
            [
                0.17364817766693036,
                0.0,
                0.984807753012208
            ]
        ],
        "fy": 0.8569566627292158,
        "fx": 0.8569566627292158
    },
    {
        "id": 50,
        "img_name": "image_50",
        "width": 512,
        "height": 512,
        "position": [
            -0.984807753012208,
            -1.2060416625018976e-16,
            0.17364817766693036
        ],
        "rotation": [
            [
                -0.984807753012208,
                1.2246467991473532e-16,
                -0.17364817766693036
            ],
            [
                -1.2060416625018976e-16,
                -1.0,
                -2.1265768495757716e-17
            ],
            [
                -0.17364817766693036,
                0.0,
                0.984807753012208
            ]
        ],
        "fy": 0.8569566627292158,
        "fx": 0.8569566627292158
    },
    {
        "id": 51,
        "img_name": "image_51",
        "width": 512,
        "height": 512,
        "position": [
            -1.2036539203482544,
            -1.474050920835653e-16,
            0.2122366615929149
        ],
        "rotation": [
            [
                -0.984807753012208,
                1.2246467991473532e-16,
                -0.17364817766693036
            ],
            [
                -1.2060416625018976e-16,
                -1.0,
                -2.1265768495757716e-17
            ],
            [
                -0.17364817766693036,
                0.0,
                0.984807753012208
            ]
        ],
        "fy": 0.8569566627292158,
        "fx": 0.8569566627292158
    },
    {
        "id": 52,
        "img_name": "image_52",
        "width": 512,
        "height": 512,
        "position": [
            -1.4225000876843004,
            -1.7420601791694077e-16,
            0.2508251455188994
        ],
        "rotation": [
            [
                -0.984807753012208,
                1.2246467991473532e-16,
                -0.17364817766693036
            ],
            [
                -1.2060416625018976e-16,
                -1.0,
                -2.1265768495757716e-17
            ],
            [
                -0.17364817766693036,
                0.0,
                0.984807753012208
            ]
        ],
        "fy": 0.8569566627292158,
        "fx": 0.8569566627292158
    },
    {
        "id": 53,
        "img_name": "image_53",
        "width": 512,
        "height": 512,
        "position": [
            -1.6413462550203466,
            -2.0100694375031628e-16,
            0.2894136294448839
        ],
        "rotation": [
            [
                -0.984807753012208,
                1.2246467991473532e-16,
                -0.17364817766693036
            ],
            [
                -1.2060416625018976e-16,
                -1.0,
                -2.1265768495757716e-17
            ],
            [
                -0.17364817766693036,
                0.0,
                0.984807753012208
            ]
        ],
        "fy": 0.8569566627292158,
        "fx": 0.8569566627292158
    },
    {
        "id": 54,
        "img_name": "image_54",
        "width": 512,
        "height": 512,
        "position": [
            -1.8601924223563928,
            -2.2780786958369176e-16,
            0.32800211337086843
        ],
        "rotation": [
            [
                -0.984807753012208,
                1.2246467991473532e-16,
                -0.17364817766693036
            ],
            [
                -1.2060416625018976e-16,
                -1.0,
                -2.1265768495757716e-17
            ],
            [
                -0.17364817766693036,
                0.0,
                0.984807753012208
