[
    {
        "id": 0,
        "img_name": "image_0",
        "width": 512,
        "height": 512,
        "position": [
            0.0,
            0.0,
            2.0
        ],
        "rotation": [
            [
                1.0,
                0.0,
                0.0
            ],
            [
                -0.0,
                -1.0,
                -0.0
            ],
            [
                0.0,
                0.0,
                -1.0
            ]
        ],
        "fy": 560.4441410821737,
        "fx": 560.4441410821737
    },
    {
        "id": 1,
        "img_name": "image_1",
        "width": 512,
        "height": 512,
        "position": [
            0.12684783339500427,
            0.0,
            1.9959733486175537
        ],
        "rotation": [
            [
                0.9979866743087769,
                0.0,
                -0.06342391669750214
            ],
            [
                -0.0,
                -1.0,
                -0.0
            ],
            [
                -0.06342391669750214,
                0.0,
                -0.9979866743087769
            ]
        ],
        "fy": 560.4441410821737,
        "fx": 560.4441410821737
    },
    {
        "id": 2,
        "img_name": "image_2",
        "width": 512,
        "height": 512,
        "position": [
            0.2531849145889282,
            0.0,
            1.9839097261428833
        ],
        "rotation": [
            [
                0.9919548034667969,
                0.0,
                -0.1265924721956253
            ],
            [
                -0.0,
                -1.0,
                -0.0
            ],
            [
                -0.1265924572944641,
                0.0,
                -0.9919548630714417
            ]
        ],
        "fy": 560.4441410821737,
        "fx": 560.4441410821737
    },
    {
        "id": 3,
        "img_name": "image_3",
        "width": 512,
        "height": 512,
        "position": [
            0.3785024881362915,
            0.0,
            1.9638574123382568
        ],
        "rotation": [
            [
                0.9819287061691284,
                0.0,
                -0.18925124406814575
            ],
            [
                -0.0,
                -1.0,
                -0.0
            ],
            [
                -0.18925124406814575,
                0.0,
                -0.9819287061691284
            ]
        ],
        "fy": 560.4441410821737,
        "fx": 560.4441410821737
    },
    {
        "id": 4,
        "img_name": "image_4",
        "width": 512,
        "height": 512,
        "position": [
            0.502295970916748,
            0.0,
            1.9358973503112793
        ],
        "rotation": [
            [
                0.9679486751556396,
                0.0,
                -0.251147985458374
            ],
            [
                -0.0,
                -1.0,
                -0.0
            ],
            [
                -0.251147985458374,
                0.0,
                -0.9679486751556396
            ]
        ],
        "fy": 560.4441410821737,
        "fx": 560.4441410821737
    },
    {
        "id": 5,
        "img_name": "image_5",
        "width": 512,
        "height": 512,
        "position": [
            0.6240668296813965,
            0.0,
            1.9001421928405762
        ],
        "rotation": [
            [
                0.9500710964202881,
                0.0,
                -0.31203341484069824
            ],
            [
                -0.0,
                -1.0,
                -0.0
            ],
            [
                -0.31203341484069824,
                0.0,
                -0.9500710964202881
            ]
        ],
        "fy": 560.4441410821737,
        "fx": 560.4441410821737
    },
    {
        "id": 6,
        "img_name": "image_6",
        "width": 512,
        "height": 512,
        "position": [
            0.7433249354362488,
            0.0,
            1.8567358255386353
        ],
        "rotation": [
            [
                0.9283679723739624,
                0.0,
                -0.3716624677181244
            ],
            [
                -0.0,
                -1.0,
                -0.0
            ],
            [
                -0.3716624677181244,
                0.0,
                -0.9283679127693176
            ]
        ],
        "fy": 560.4441410821737,
        "fx": 560.4441410821737
    },
    {
        "id": 7,
        "img_name": "image_7",
        "width": 512,
        "height": 512,
        "position": [
            0.8595898747444153,
            0.0,
            1.805853247642517
        ],
        "rotation": [
            [
                0.9029265642166138,
                0.0,
                -0.42979493737220764
            ],
            [
                -0.0,
                -1.0,
                -0.0
            ],
            [
                -0.42979493737220764,
                0.0,
                -0.9029266238212585
            ]
        ],
        "fy": 560.4441410821737,
        "fx": 560.4441410821737
    },
    {
        "id": 8,
        "img_name": "image_8",
        "width": 512,
        "height": 512,
        "position": [
            0.9723934531211853,
            0.0,
            1.7476987838745117
        ],
        "rotation": [
            [
                0.8738493919372559,
                0.0,
                -0.48619672656059265
            ],
            [
                -0.0,
                -1.0,
                -0.0
            ],
            [
                -0.48619672656059265,
                0.0,
                -0.8738493919372559
            ]
        ],
        "fy": 560.4441410821737,
        "fx": 560.4441410821737
    },
    {
        "id": 9,
        "img_name": "image_9",
        "width": 512,
        "height": 512,
        "position": [
            1.0812816619873047,
            0.0,
            1.6825071573257446
        ],
        "rotation": [
            [
                0.8412535190582275,
                0.0,
                -0.5406408905982971
            ],
            [
                -0.0,
                -1.0,
                -0.0
            ],
            [
                -0.5406408309936523,
                0.0,
                -0.8412535786628723
            ]
        ],
        "fy": 560.4441410821737,
        "fx": 560.4441410821737
    },
    {
        "id": 10,
        "img_name": "image_10",
        "width": 512,
        "height": 512,
        "position": [
            1.1858159303665161,
            0.0,
            1.6105406284332275
        ],
        "rotation": [
            [
                0.8052703142166138,
                0.0,
                -0.5929079651832581
            ],
            [
                -0.0,
                -1.0,
                -0.0
            ],
            [
                -0.5929079651832581,
                0.0,
                -0.8052703142166138
            ]
        ],
        "fy": 560.4441410821737,
        "fx": 560.4441410821737
    },
    {
        "id": 11,
        "img_name": "image_11",
        "width": 512,
        "height": 512,
        "position": [
            1.285575270652771,
            0.0,
            1.5320888757705688
        ],
        "rotation": [
            [
                0.7660444378852844,
                0.0,
                -0.6427876353263855
            ],
            [
                -0.0,
                -1.0,
                -0.0
            ],
            [
                -0.6427876353263855,
                0.0,
                -0.7660444378852844
            ]
        ],
        "fy": 560.4441410821737,
        "fx": 560.4441410821737
    },
    {
        "id": 12,
        "img_name": "image_12",
        "width": 512,
        "height": 512,
        "position": [
            1.3801580667495728,
            0.0,
            1.4474680423736572
        ],
        "rotation": [
            [
                0.7237340807914734,
                0.0,
                -0.6900790333747864
            ],
            [
                -0.0,
                -1.0,
                -0.0
            ],
            [
                -0.6900790333747864,
                0.0,
                -0.7237340211868286
            ]
        ],
        "fy": 560.4441410821737,
        "fx": 560.4441410821737
    },
    {
        "id": 13,
        "img_name": "image_13",
        "width": 512,
        "height": 512,
        "position": [
            1.469183325767517,
            0.0,
            1.3570188283920288
        ],
        "rotation": [
            [
                0.6785093545913696,
                -0.0,
                -0.7345917224884033
            ],
            [
                -0.0,
                -1.0,
                -0.0
            ],
            [
                -0.7345916628837585,
                0.0,
                -0.6785094141960144
            ]
        ],
        "fy": 560.4441410821737,
        "fx": 560.4441410821737
    },
    {
        "id": 14,
        "img_name": "image_14",
        "width": 512,
        "height": 512,
        "position": [
            1.5522929430007935,
            0.0,
            1.2611052989959717
        ],
        "rotation": [
            [
                0.6305526494979858,
                -0.0,
                -0.7761464715003967
            ],
            [
                -0.0,
                -1.0,
                -0.0
            ],
            [
                -0.7761464715003967,
                0.0,
                -0.6305526494979858
            ]
        ],
        "fy": 560.4441410821737,
        "fx": 560.4441410821737
    },
    {
        "id": 15,
        "img_name": "image_15",
        "width": 512,
        "height": 512,
        "position": [
            1.6291518211364746,
            0.0,
            1.1601136922836304
        ],
        "rotation": [
            [
                0.5800568461418152,
                -0.0,
                -0.8145760297775269
            ],
            [
                -0.0,
                -1.0,
                -0.0
            ],
            [
                -0.8145759105682373,
                0.0,
                -0.5800568461418152
            ]
        ],
        "fy": 560.4441410821737,
        "fx": 560.4441410821737
    },
    {
        "id": 16,
        "img_name": "image_16",
        "width": 512,
        "height": 512,
        "position": [
            1.6994507312774658,
            0.0,
            1.0544508695602417
        ],
        "rotation": [
            [
                0.5272254943847656,
                -0.0,
                -0.8497254252433777
            ],
            [
                -0.0,
                -1.0,
                -0.0
            ],
            [
                -0.8497253656387329,
                0.0,
                -0.5272254347801208
            ]
        ],
        "fy": 560.4441410821737,
        "fx": 560.4441410821737
    },
    {
        "id": 17,
        "img_name": "image_17",
        "width": 512,
        "height": 512,
        "position": [
            1.7629066705703735,
            0.0,
            0.9445421099662781
        ],
        "rotation": [
            [
                0.4722710847854614,
                -0.0,
                -0.8814533352851868
            ],
            [
                -0.0,
                -1.0,
                -0.0
            ],
            [
                -0.8814533352851868,
                0.0,
                -0.47227105498313904
            ]
        ],
        "fy": 560.4441410821737,
        "fx": 560.4441410821737
    },
    {
        "id": 18,
        "img_name": "image_18",
        "width": 512,
        "height": 512,
        "position": [
            1.8192639350891113,
            0.0,
            0.8308300375938416
        ],
        "rotation": [
            [
                0.41541504859924316,
                -0.0,
                -0.9096319675445557
            ],
            [
                -0.0,
                -1.0,
                -0.0
            ],
            [
                -0.9096319675445557,
                0.0,
                -0.4154150187969208
            ]
        ],
        "fy": 560.4441410821737,
        "fx": 560.4441410821737
    },
    {
        "id": 19,
        "img_name": "image_19",
        "width": 512,
        "height": 512,
        "position": [
            1.8682955503463745,
            0.0,
            0.7137723565101624
        ],
        "rotation": [
            [
                0.3568861782550812,
                -0.0,
                -0.934147834777832
            ],
            [
                -0.0,
                -1.0,
                -0.0
            ],
            [
                -0.9341477751731873,
                0.0,
                -0.3568861782550812
            ]
        ],
        "fy": 560.4441410821737,
        "fx": 560.4441410821737
    },
    {
        "id": 20,
        "img_name": "image_20",
        "width": 512,
        "height": 512,
        "position": [
            1.9098044633865356,
            0.0,
            0.5938407778739929
        ],
        "rotation": [
            [
                0.29692038893699646,
                -0.0,
                -0.9549022316932678
            ],
            [
                -0.0,
                -1.0,
                -0.0
            ],
            [
                -0.9549022316932678,
                0.0,
                -0.29692038893699646
            ]
        ],
        "fy": 560.4441410821737,
        "fx": 560.4441410821737
    },
    {
        "id": 21,
        "img_name": "image_21",
        "width": 512,
        "height": 512,
        "position": [
            1.9436233043670654,
            0.0,
            0.4715178608894348
        ],
        "rotation": [
            [
                0.2357589453458786,
                -0.0,
                -0.9718115925788879
            ],
            [
                -0.0,
                -1.0,
                -0.0
            ],
            [
                -0.9718116521835327,
                0.0,
                -0.2357589304447174
            ]
        ],
        "fy": 560.4441410821737,
        "fx": 560.4441410821737
    },
    {
        "id": 22,
        "img_name": "image_22",
        "width": 512,
        "height": 512,
        "position": [
            1.9696154594421387,
            0.0,
            0.3472963571548462
        ],
        "rotation": [
            [
                0.1736481785774231,
                -0.0,
                -0.9848077297210693
            ],
            [
                -0.0,
                -1.0,
                -0.0
            ],
            [
                -0.9848077297210693,
                0.0,
                -0.1736481785774231
            ]
        ],
        "fy": 560.4441410821737,
        "fx": 560.4441410821737
    },
    {
        "id": 23,
        "img_name": "image_23",
        "width": 512,
        "height": 512,
        "position": [
            1.987676978111267,
            0.0,
            0.22167639434337616
        ],
        "rotation": [
            [
                0.11083819717168808,
                -0.0,
                -0.9938384890556335
            ],
            [
                -0.0,
                -1.0,
                -0.0
            ],
            [
                -0.9938384890556335,
                0.0,
                -0.11083819717168808
            ]
        ],
        "fy": 560.4441410821737,
        "fx": 560.4441410821737
    },
    {
        "id": 24,
        "img_name": "image_24",
        "width": 512,
        "height": 512,
        "position": [
            1.997734785079956,
            0.0,
            0.09516383707523346
        ],
        "rotation": [
            [
                0.04758191853761673,
                -0.0,
                -0.9988673329353333
            ],
            [
                -0.0,
                -1.0,
                -0.0
            ],
            [
                -0.998867392539978,
                0.0,
                -0.04758191853761673
            ]
        ],
        "fy": 560.4441410821737,
        "fx": 560.4441410821737
    },
    {
        "id": 25,
        "img_name": "image_25",
        "width": 512,
        "height": 512,
        "position": [
            1.9997482299804688,
            0.0,
            -0.031731925904750824
        ],
        "rotation": [
            [
                -0.015865962952375412,
                -0.0,
                -0.9998741745948792
            ],
            [
                -0.0,
                -1.0,
                -0.0
            ],
            [
                -0.9998741149902344,
                0.0,
                0.015865962952375412
            ]
        ],
        "fy": 560.4441410821737,
        "fx": 560.4441410821737
    },
    {
        "id": 26,
        "img_name": "image_26",
        "width": 512,
        "height": 512,
        "position": [
            1.9937095642089844,
            0.0,
            -0.15849991142749786
        ],
        "rotation": [
            [
                -0.07924995571374893,
                -0.0,
                -0.9968547821044922
            ],
            [
                -0.0,
                -1.0,
                -0.0
            ],
            [
                -0.9968547821044922,
                0.0,
                0.07924995571374893
            ]
        ],
        "fy": 560.4441410821737,
        "fx": 560.4441410821737
    },
    {
        "id": 27,
        "img_name": "image_27",
        "width": 512,
        "height": 512,
        "position": [
            1.9796428680419922,
            0.0,
            -0.2846296727657318
        ],
        "rotation": [
            [
                -0.1423148363828659,
                -0.0,
                -0.9898214340209961
            ],
            [
                -0.0,
                -1.0,
                -0.0
            ],
            [
                -0.9898214340209961,
                0.0,
                0.1423148363828659
            ]
        ],
        "fy": 560.4441410821737,
        "fx": 560.4441410821737
    },
    {
        "id": 28,
        "img_name": "image_28",
        "width": 512,
        "height": 512,
        "position": [
            1.9576048851013184,
            0.0,
            -0.40961334109306335
        ],
        "rotation": [
            [
                -0.20480665564537048,
                -0.0,
                -0.9788024425506592
            ],
            [
                -0.0,
                -1.0,
                -0.0
            ],
            [
                -0.9788024425506592,
                0.0,
                0.20480667054653168
            ]
        ],
        "fy": 560.4441410821737,
        "fx": 560.4441410821737
    },
    {
        "id": 29,
        "img_name": "image_29",
        "width": 512,
        "height": 512,
        "position": [
            1.9276844263076782,
            0.0,
            -0.5329475998878479
        ],
        "rotation": [
            [
                -0.26647382974624634,
                -0.0,
                -0.9638422131538391
            ],
            [
                -0.0,
                -1.0,
                -0.0
            ],
            [
                -0.9638422131538391,
                0.0,
                0.26647379994392395
            ]
        ],
        "fy": 560.4441410821737,
        "fx": 560.4441410821737
    },
    {
        "id": 30,
        "img_name": "image_30",
        "width": 512,
        "height": 512,
        "position": [
            1.890001654624939,
            0.0,
            -0.6541359424591064
        ],
        "rotation": [
            [
                -0.3270679712295532,
                -0.0,
                -0.9450007677078247
            ],
            [
                -0.0,
                -1.0,
                -0.0
            ],
            [
                -0.9450008273124695,
                0.0,
                0.3270679712295532
            ]
        ],
        "fy": 560.4441410821737,
        "fx": 560.4441410821737
    },
    {
        "id": 31,
        "img_name": "image_31",
        "width": 512,
        "height": 512,
        "position": [
            1.8447086811065674,
            0.0,
            -0.7726902961730957
        ],
        "rotation": [
            [
                -0.38634511828422546,
                -0.0,
                -0.9223543405532837
            ],
            [
                -0.0,
                -1.0,
                -0.0
            ],
            [
                -0.9223543405532837,
                0.0,
                0.38634514808654785
            ]
        ],
        "fy": 560.4441410821737,
        "fx": 560.4441410821737
    },
    {
        "id": 32,
        "img_name": "image_32",
        "width": 512,
        "height": 512,
        "position": [
            1.7919875383377075,
            0.0,
            -0.8881332278251648
        ],
        "rotation": [
            [
                -0.4440666139125824,
                -0.0,
                -0.8959937691688538
            ],
            [
                -0.0,
                -1.0,
                -0.0
            ],
            [
                -0.8959937691688538,
                0.0,
                0.4440666139125824
            ]
        ],
        "fy": 560.4441410821737,
        "fx": 560.4441410821737
    },
    {
        "id": 33,
        "img_name": "image_33",
        "width": 512,
        "height": 512,
        "position": [
            1.732050895690918,
            0.0,
            -1.0
        ],
        "rotation": [
            [
                -0.5000000596046448,
                -0.0,
                -0.866025447845459
            ],
            [
                -0.0,
                -1.0,
                -0.0
            ],
            [
                -0.866025447845459,
                0.0,
                0.5
            ]
        ],
        "fy": 560.4441410821737,
        "fx": 560.4441410821737
    },
    {
        "id": 34,
        "img_name": "image_34",
        "width": 512,
        "height": 512,
        "position": [
            1.6651396751403809,
            0.0,
            -1.1078401803970337
        ],
        "rotation": [
            [
                -0.5539200901985168,
                -0.0,
                -0.8325698375701904
            ],
            [
                -0.0,
                -1.0,
                -0.0
            ],
            [
                -0.8325698375701904,
                0.0,
                0.5539200901985168
            ]
        ],
        "fy": 560.4441410821737,
        "fx": 560.4441410821737
    },
    {
        "id": 35,
        "img_name": "image_35",
        "width": 512,
        "height": 512,
        "position": [
            1.59152352809906,
            0.0,
            -1.2112194299697876
        ],
        "rotation": [
            [
                -0.605609655380249,
                -0.0,
                -0.7957618236541748
            ],
            [
                -0.0,
                -1.0,
                -0.0
            ],
            [
                -0.79576176404953,
                0.0,
                0.6056097149848938
            ]
        ],
        "fy": 560.4441410821737,
        "fx": 560.4441410821737
    },
    {
        "id": 36,
        "img_name": "image_36",
        "width": 512,
        "height": 512,
        "position": [
            1.5114991664886475,
            0.0,
            -1.3097214698791504
        ],
        "rotation": [
            [
                -0.6548607349395752,
                -0.0,
                -0.755749523639679
            ],
            [
                -0.0,
                -1.0,
                -0.0
            ],
            [
                -0.7557495832443237,
                0.0,
                0.6548607349395752
            ]
        ],
        "fy": 560.4441410821737,
        "fx": 560.4441410821737
    },
    {
        "id": 37,
        "img_name": "image_37",
        "width": 512,
        "height": 512,
        "position": [
            1.4253883361816406,
            0.0,
            -1.4029498100280762
        ],
        "rotation": [
            [
                -0.7014749050140381,
                -0.0,
                -0.7126941680908203
            ],
            [
                -0.0,
                -1.0,
                -0.0
            ],
            [
                -0.7126941680908203,
                0.0,
                0.7014749050140381
            ]
        ],
        "fy": 560.4441410821737,
        "fx": 560.4441410821737
    },
    {
        "id": 38,
        "img_name": "image_38",
        "width": 512,
        "height": 512,
        "position": [
            1.3335381746292114,
            -0.0,
            -1.4905290603637695
        ],
        "rotation": [
            [
                -0.74526447057724,
                -0.0,
                -0.6667690873146057
            ],
            [
                -0.0,
                -1.0,
                -0.0
            ],
            [
                -0.6667690873146057,
                0.0,
                0.7452645301818848
            ]
        ],
        "fy": 560.4441410821737,
        "fx": 560.4441410821737
    },
    {
        "id": 39,
        "img_name": "image_39",
        "width": 512,
        "height": 512,
        "position": [
            1.2363179922103882,
            -0.0,
            -1.5721062421798706
        ],
        "rotation": [
            [
                -0.7860531806945801,
                -0.0,
                -0.6181589961051941
            ],
            [
                -0.0,
                -1.0,
                -0.0
            ],
            [
                -0.6181589961051941,
                0.0,
                0.7860531210899353
            ]
        ],
        "fy": 560.4441410821737,
        "fx": 560.4441410821737
    },
    {
        "id": 40,
        "img_name": "image_40",
        "width": 512,
        "height": 512,
        "position": [
            1.1341197490692139,
            -0.0,
            -1.647353172302246
        ],
        "rotation": [
            [
                -0.8236765265464783,
                -0.0,
                -0.5670598745346069
            ],
            [
                -0.0,
                -1.0,
                -0.0
            ],
            [
                -0.5670598745346069,
                0.0,
                0.823676586151123
            ]
        ],
        "fy": 560.4441410821737,
        "fx": 560.4441410821737
    },
    {
        "id": 41,
        "img_name": "image_41",
        "width": 512,
        "height": 512,
        "position": [
            1.0273548364639282,
            -0.0,
            -1.7159667015075684
        ],
        "rotation": [
            [
                -0.8579833507537842,
                -0.0,
                -0.5136773586273193
            ],
            [
                -0.0,
                -1.0,
                -0.0
            ],
            [
                -0.5136774182319641,
                0.0,
                0.8579833507537842
            ]
        ],
        "fy": 560.4441410821737,
        "fx": 560.4441410821737
    },
    {
        "id": 42,
        "img_name": "image_42",
        "width": 512,
        "height": 512,
        "position": [
            0.9164530634880066,
            -0.0,
            -1.777670979499817
        ],
        "rotation": [
            [
                -0.8888354897499084,
                -0.0,
                -0.4582265615463257
            ],
            [
                -0.0,
                -1.0,
                -0.0
            ],
            [
                -0.4582265317440033,
                0.0,
                0.8888354897499084
            ]
        ],
        "fy": 560.4441410821737,
        "fx": 560.4441410821737
    },
    {
        "id": 43,
        "img_name": "image_43",
        "width": 512,
        "height": 512,
        "position": [
            0.8018611073493958,
            -0.0,
            -1.8322168588638306
        ],
        "rotation": [
            [
                -0.9161083698272705,
                -0.0,
                -0.4009305238723755
            ],
            [
                -0.0,
                -1.0,
                -0.0
            ],
            [
                -0.4009305536746979,
                0.0,
                0.9161084294319153
            ]
        ],
        "fy": 560.4441410821737,
        "fx": 560.4441410821737
    },
    {
        "id": 44,
        "img_name": "image_44",
        "width": 512,
        "height": 512,
        "position": [
            0.6840403079986572,
            -0.0,
            -1.879385232925415
        ],
        "rotation": [
            [
                -0.9396926164627075,
                -0.0,
                -0.3420201539993286
            ],
            [
                -0.0,
                -1.0,
                -0.0
            ],
            [
                -0.3420201539993286,
                0.0,
                0.9396926164627075
            ]
        ],
        "fy": 560.4441410821737,
        "fx": 560.4441410821737
    },
    {
        "id": 45,
        "img_name": "image_45",
        "width": 512,
        "height": 512,
        "position": [
            0.5634651184082031,
            -0.0,
            -1.9189859628677368
        ],
        "rotation": [
            [
                -0.9594929814338684,
                -0.0,
                -0.28173255920410156
            ],
            [
                -0.0,
                -1.0,
                -0.0
            ],
            [
                -0.28173255920410156,
                0.0,
                0.9594929814338684
            ]
        ],
        "fy": 560.4441410821737,
        "fx": 560.4441410821737
    },
    {
        "id": 46,
        "img_name": "image_46",
        "width": 512,
        "height": 512,
        "position": [
            0.4406210780143738,
            -0.0,
            -1.9508594274520874
        ],
        "rotation": [
            [
                -0.9754298329353333,
                -0.0,
                -0.2203105241060257
            ],
            [
                -0.0,
                -1.0,
                -0.0
            ],
            [
                -0.2203105390071869,
                0.0,
                0.9754297137260437
            ]
        ],
        "fy": 560.4441410821737,
        "fx": 560.4441410821737
    },
    {
        "id": 47,
        "img_name": "image_47",
        "width": 512,
        "height": 512,
        "position": [
            0.3160027861595154,
            -0.0,
            -1.974877953529358
        ],
        "rotation": [
            [
                -0.9874389171600342,
                -0.0,
                -0.1580013930797577
            ],
            [
                -0.0,
                -1.0,
                -0.0
            ],
            [
                -0.1580013930797577,
                0.0,
                0.987438976764679
            ]
        ],
        "fy": 560.4441410821737,
        "fx": 560.4441410821737
    },
    {
        "id": 48,
        "img_name": "image_48",
        "width": 512,
        "height": 512,
        "position": [
            0.19011209905147552,
            -0.0,
            -1.9909439086914062
        ],
        "rotation": [
            [
                -0.9954718947410583,
                -0.0,
                -0.09505604952573776
            ],
            [
                -0.0,
                -1.0,
                -0.0
            ],
            [
                -0.09505604952573776,
                0.0,
                0.9954719543457031
            ]
        ],
        "fy": 560.4441410821737,
        "fx": 560.4441410821737
    },
    {
        "id": 49,
        "img_name": "image_49",
        "width": 512,
        "height": 512,
        "position": [
            0.06345585733652115,
            -0.0,
            -1.998992919921875
        ],
        "rotation": [
            [
                -0.9994965195655823,
                -0.0,
                -0.031727928668260574
            ],
            [
                -0.0,
                -1.0,
                -0.0
            ],
            [
                -0.031727928668260574,
                0.0,
                0.9994964599609375
            ]
        ],
        "fy": 560.4441410821737,
        "fx": 560.4441410821737
    },
    {
        "id": 50,
        "img_name": "image_50",
        "width": 512,
        "height": 512,
        "position": [
            -0.06345585733652115,
            -0.0,
            -1.998992919921875
        ],
        "rotation": [
            [
                -0.9994965195655823,
                -0.0,
                0.031727928668260574
            ],
            [
                -0.0,
                -1.0,
                -0.0
            ],
            [
                0.031727928668260574,
                0.0,
                0.9994964599609375
            ]
        ],
        "fy": 560.4441410821737,
        "fx": 560.4441410821737
    },
    {
        "id": 51,
        "img_name": "image_51",
        "width": 512,
        "height": 512,
        "position": [
            -0.19011209905147552,
            -0.0,
            -1.9909439086914062
        ],
        "rotation": [
            [
                -0.9954718947410583,
                -0.0,
                0.09505604952573776
            ],
            [
                -0.0,
                -1.0,
                -0.0
            ],
            [
                0.09505604952573776,
                0.0,
                0.9954719543457031
            ]
        ],
        "fy": 560.4441410821737,
        "fx": 560.4441410821737
    },
    {
        "id": 52,
        "img_name": "image_52",
        "width": 512,
        "height": 512,
        "position": [
            -0.3160027861595154,
            -0.0,
            -1.974877953529358
        ],
        "rotation": [
            [
                -0.9874389171600342,
                -0.0,
                0.1580013930797577
            ],
            [
                -0.0,
                -1.0,
                -0.0
            ],
            [
                0.1580013930797577,
                0.0,
                0.987438976764679
            ]
        ],
        "fy": 560.4441410821737,
        "fx": 560.4441410821737
    },
    {
        "id": 53,
        "img_name": "image_53",
        "width": 512,
        "height": 512,
        "position": [
            -0.4406210780143738,
            -0.0,
            -1.9508594274520874
        ],
        "rotation": [
            [
                -0.9754298329353333,
                -0.0,
                0.2203105241060257
            ],
            [
                -0.0,
                -1.0,
                -0.0
            ],
            [
                0.2203105390071869,
                0.0,
                0.9754297137260437
            ]
        ],
        "fy": 560.4441410821737,
        "fx": 560.4441410821737
    },
    {
        "id": 54,
        "img_name": "image_54",
        "width": 512,
        "height": 512,
        "position": [
            -0.5634651184082031,
            -0.0,
            -1.9189859628677368
        ],
        "rotation": [
            [
                -0.9594929814338684,
                -0.0,
                0.28173255920410156
            ],
            [
                -0.0,
                -1.0,
                -0.0
            ],
            [
                0.28173255920410156,
                0.0,
                0.9594929814338684
            ]
        ],
        "fy": 560.4441410821737,
        "fx": 560.4441410821737
    },
    {
        "id": 55,
        "img_name": "image_55",
        "width": 512,
        "height": 512,
        "position": [
            -0.6840403079986572,
            -0.0,
            -1.879385232925415
        ],
        "rotation": [
            [
                -0.9396926164627075,
                -0.0,
                0.3420201539993286
            ],
            [
                -0.0,
                -1.0,
                -0.0
            ],
            [
                0.3420201539993286,
                0.0,
                0.9396926164627075
            ]
        ],
        "fy": 560.4441410821737,
        "fx": 560.4441410821737
    },
    {
        "id": 56,
        "img_name": "image_56",
        "width": 512,
        "height": 512,
        "position": [
            -0.8018611073493958,
            -0.0,
            -1.8322168588638306
        ],
        "rotation": [
            [
                -0.9161083698272705,
                -0.0,
                0.4009305238723755
            ],
            [
                -0.0,
                -1.0,
                -0.0
            ],
            [
                0.4009305536746979,
                0.0,
                0.9161084294319153
            ]
        ],
        "fy": 560.4441410821737,
        "fx": 560.4441410821737
    },
    {
        "id": 57,
        "img_name": "image_57",
        "width": 512,
        "height": 512,
        "position": [
            -0.9164530634880066,
            -0.0,
            -1.777670979499817
        ],
        "rotation": [
            [
                -0.8888354897499084,
                -0.0,
                0.4582265615463257
            ],
            [
                -0.0,
                -1.0,
                -0.0
            ],
            [
                0.4582265317440033,
                0.0,
                0.8888354897499084
            ]
        ],
        "fy": 560.4441410821737,
        "fx": 560.4441410821737
    },
    {
        "id": 58,
        "img_name": "image_58",
        "width": 512,
        "height": 512,
        "position": [
            -1.0273548364639282,
            -0.0,
            -1.7159667015075684
        ],
        "rotation": [
            [
                -0.8579833507537842,
                -0.0,
                0.5136773586273193
            ],
            [
                -0.0,
                -1.0,
                -0.0
            ],
            [
                0.5136774182319641,
                0.0,
                0.8579833507537842
            ]
        ],
        "fy": 560.4441410821737,
        "fx": 560.4441410821737
    },
    {
        "id": 59,
        "img_name": "image_59",
        "width": 512,
        "height": 512,
        "position": [
            -1.1341197490692139,
            -0.0,
            -1.647353172302246
        ],
        "rotation": [
            [
                -0.8236765265464783,
                -0.0,
                0.5670598745346069
            ],
            [
                -0.0,
                -1.0,
                -0.0
            ],
            [
                0.5670598745346069,
                0.0,
                0.823676586151123
            ]
        ],
        "fy": 560.4441410821737,
        "fx": 560.4441410821737
    },
    {
        "id": 60,
        "img_name": "image_60",
        "width": 512,
        "height": 512,
        "position": [
            -1.2363179922103882,
            -0.0,
            -1.5721062421798706
        ],
        "rotation": [
            [
                -0.7860531806945801,
                -0.0,
                0.6181589961051941
            ],
            [
                -0.0,
                -1.0,
                -0.0
            ],
            [
                0.6181589961051941,
                0.0,
                0.7860531210899353
            ]
        ],
