[
    {
        "id": 0,
        "img_name": "image_0",
        "width": 512,
        "height": 512,
        "position": [
            1.0,
            0.0,
            0.0
        ],
        "rotation": [
            [
                1.0,
                0.0,
                0.0
            ],
            [
                0.0,
                1.0,
                0.0
            ],
            [
                0.0,
                0.0,
                1.0
            ]
        ],
        "fy": 0.8569566627292158,
        "fx": 0.8569566627292158
    },
    {
        "id": 1,
        "img_name": "image_1",
        "width": 512,
        "height": 512,
        "position": [
            1.2222222222222223,
            0.0,
            0.0
        ],
        "rotation": [
            [
                1.0,
                0.0,
                0.0
            ],
            [
                0.0,
                1.0,
                0.0
            ],
            [
                0.0,
                0.0,
                1.0
            ]
        ],
        "fy": 0.8569566627292158,
        "fx": 0.8569566627292158
    },
    {
        "id": 2,
        "img_name": "image_2",
        "width": 512,
        "height": 512,
        "position": [
            1.4444444444444444,
            0.0,
            0.0
        ],
        "rotation": [
            [
                1.0,
                0.0,
                0.0
            ],
            [
                0.0,
                1.0,
                0.0
            ],
            [
                0.0,
                0.0,
                1.0
            ]
        ],
        "fy": 0.8569566627292158,
        "fx": 0.8569566627292158
    },
    {
        "id": 3,
        "img_name": "image_3",
        "width": 512,
        "height": 512,
        "position": [
            1.6666666666666665,
            0.0,
            0.0
        ],
        "rotation": [
            [
                1.0,
                0.0,
                0.0
            ],
            [
                0.0,
                1.0,
                0.0
            ],
            [
                0.0,
                0.0,
                1.0
            ]
        ],
        "fy": 0.8569566627292158,
        "fx": 0.8569566627292158
    },
    {
        "id": 4,
        "img_name": "image_4",
        "width": 512,
        "height": 512,
        "position": [
            1.8888888888888888,
            0.0,
            0.0
        ],
        "rotation": [
            [
                1.0,
                0.0,
                0.0
            ],
            [
                0.0,
                1.0,
                0.0
            ],
            [
                0.0,
                0.0,
                1.0
            ]
        ],
        "fy": 0.8569566627292158,
        "fx": 0.8569566627292158
    },
    {
        "id": 5,
        "img_name": "image_5",
        "width": 512,
        "height": 512,
        "position": [
            2.111111111111111,
            0.0,
            0.0
        ],
        "rotation": [
            [
                1.0,
                0.0,
                0.0
            ],
            [
                0.0,
                1.0,
                0.0
            ],
            [
                0.0,
                0.0,
                1.0
            ]
        ],
        "fy": 0.8569566627292158,
        "fx": 0.8569566627292158
    },
    {
        "id": 6,
        "img_name": "image_6",
        "width": 512,
        "height": 512,
        "position": [
            2.333333333333333,
            0.0,
            0.0
        ],
        "rotation": [
            [
                1.0,
                0.0,
                0.0
            ],
            [
                0.0,
                1.0,
                0.0
            ],
            [
                0.0,
                0.0,
                1.0
            ]
        ],
        "fy": 0.8569566627292158,
        "fx": 0.8569566627292158
    },
    {
        "id": 7,
        "img_name": "image_7",
        "width": 512,
        "height": 512,
        "position": [
            2.5555555555555554,
            0.0,
            0.0
        ],
        "rotation": [
            [
                1.0,
                0.0,
                0.0
            ],
            [
                0.0,
                1.0,
                0.0
            ],
            [
                0.0,
                0.0,
                1.0
            ]
        ],
        "fy": 0.8569566627292158,
        "fx": 0.8569566627292158
    },
    {
        "id": 8,
        "img_name": "image_8",
        "width": 512,
        "height": 512,
        "position": [
            2.7777777777777777,
            0.0,
            0.0
        ],
        "rotation": [
            [
                1.0,
                0.0,
                0.0
            ],
            [
                0.0,
                1.0,
                0.0
            ],
            [
                0.0,
                0.0,
                1.0
            ]
        ],
        "fy": 0.8569566627292158,
        "fx": 0.8569566627292158
    },
    {
        "id": 9,
        "img_name": "image_9",
        "width": 512,
        "height": 512,
        "position": [
            3.0,
            0.0,
            0.0
        ],
        "rotation": [
            [
                1.0,
                0.0,
                0.0
            ],
            [
                0.0,
                1.0,
                0.0
            ],
            [
                0.0,
                0.0,
                1.0
            ]
        ],
        "fy": 0.8569566627292158,
        "fx": 0.8569566627292158
    },
    {
        "id": 10,
        "img_name": "image_10",
        "width": 512,
        "height": 512,
        "position": [
            0.9961946980917454,
            0.0,
            0.08715574274765817
        ],
        "rotation": [
            [
                0.9961946980917454,
                0.0,
                0.08715574274765817
            ],
            [
                0.0,
                1.0,
                0.0
            ],
            [
                -0.08715574274765817,
                0.0,
                0.9961946980917454
            ]
        ],
        "fy": 0.8569566627292158,
        "fx": 0.8569566627292158
    },
    {
        "id": 11,
        "img_name": "image_11",
        "width": 512,
        "height": 512,
        "position": [
            1.217571297667689,
            0.0,
            0.1065236855804711
        ],
        "rotation": [
            [
                0.9961946980917454,
                0.0,
                0.08715574274765817
            ],
            [
                0.0,
                1.0,
                0.0
            ],
            [
                -0.08715574274765817,
                0.0,
                0.9961946980917454
            ]
        ],
        "fy": 0.8569566627292158,
        "fx": 0.8569566627292158
    },
    {
        "id": 12,
        "img_name": "image_12",
        "width": 512,
        "height": 512,
        "position": [
            1.4389478972436323,
            0.0,
            0.12589162841328402
        ],
        "rotation": [
            [
                0.9961946980917454,
                0.0,
                0.08715574274765817
            ],
            [
                0.0,
                1.0,
                0.0
            ],
            [
                -0.08715574274765817,
                0.0,
                0.9961946980917454
            ]
        ],
        "fy": 0.8569566627292158,
        "fx": 0.8569566627292158
    },
    {
        "id": 13,
        "img_name": "image_13",
        "width": 512,
        "height": 512,
        "position": [
            1.6603244968195756,
            0.0,
            0.14525957124609692
        ],
        "rotation": [
            [
                0.9961946980917454,
                0.0,
                0.08715574274765817
            ],
            [
                0.0,
                1.0,
                0.0
            ],
            [
                -0.08715574274765817,
                0.0,
                0.9961946980917454
            ]
        ],
        "fy": 0.8569566627292158,
        "fx": 0.8569566627292158
    },
    {
        "id": 14,
        "img_name": "image_14",
        "width": 512,
        "height": 512,
        "position": [
            1.8817010963955192,
            0.0,
            0.16462751407890985
        ],
        "rotation": [
            [
                0.9961946980917454,
                0.0,
                0.08715574274765817
            ],
            [
                0.0,
                1.0,
                0.0
            ],
            [
                -0.08715574274765817,
                0.0,
                0.9961946980917454
            ]
        ],
        "fy": 0.8569566627292158,
        "fx": 0.8569566627292158
    },
    {
        "id": 15,
        "img_name": "image_15",
        "width": 512,
        "height": 512,
        "position": [
            2.1030776959714625,
            0.0,
            0.1839954569117228
        ],
        "rotation": [
            [
                0.9961946980917454,
                0.0,
                0.08715574274765817
            ],
            [
                0.0,
                1.0,
                0.0
            ],
            [
                -0.08715574274765817,
                0.0,
                0.9961946980917454
            ]
        ],
        "fy": 0.8569566627292158,
        "fx": 0.8569566627292158
    },
    {
        "id": 16,
        "img_name": "image_16",
        "width": 512,
        "height": 512,
        "position": [
            2.324454295547406,
            0.0,
            0.20336339974453568
        ],
        "rotation": [
            [
                0.9961946980917454,
                0.0,
                0.08715574274765817
            ],
            [
                0.0,
                1.0,
                0.0
            ],
            [
                -0.08715574274765817,
                0.0,
                0.9961946980917454
            ]
        ],
        "fy": 0.8569566627292158,
        "fx": 0.8569566627292158
    },
    {
        "id": 17,
        "img_name": "image_17",
        "width": 512,
        "height": 512,
        "position": [
            2.5458308951233493,
            0.0,
            0.22273134257734864
        ],
        "rotation": [
            [
                0.9961946980917454,
                0.0,
                0.08715574274765817
            ],
            [
                0.0,
                1.0,
                0.0
            ],
            [
                -0.08715574274765817,
                0.0,
                0.9961946980917454
            ]
        ],
        "fy": 0.8569566627292158,
        "fx": 0.8569566627292158
    },
    {
        "id": 18,
        "img_name": "image_18",
        "width": 512,
        "height": 512,
        "position": [
            2.7672074946992926,
            0.0,
            0.24209928541016157
        ],
        "rotation": [
            [
                0.9961946980917454,
                0.0,
                0.08715574274765817
            ],
            [
                0.0,
                1.0,
                0.0
            ],
            [
                -0.08715574274765817,
                0.0,
                0.9961946980917454
            ]
        ],
        "fy": 0.8569566627292158,
        "fx": 0.8569566627292158
    },
    {
        "id": 19,
        "img_name": "image_19",
        "width": 512,
        "height": 512,
        "position": [
            2.9885840942752364,
            0.0,
            0.2614672282429745
        ],
        "rotation": [
            [
                0.9961946980917454,
                0.0,
                0.08715574274765817
            ],
            [
                0.0,
                1.0,
                0.0
            ],
            [
                -0.08715574274765817,
                0.0,
                0.9961946980917454
            ]
        ],
        "fy": 0.8569566627292158,
        "fx": 0.8569566627292158
    },
    {
        "id": 20,
        "img_name": "image_20",
        "width": 512,
        "height": 512,
        "position": [
            0.984807753012208,
            0.0,
            0.17364817766693036
        ],
        "rotation": [
            [
                0.984807753012208,
                0.0,
                0.17364817766693036
            ],
            [
                0.0,
                1.0,
                0.0
            ],
            [
                -0.17364817766693036,
                0.0,
                0.984807753012208
            ]
        ],
        "fy": 0.8569566627292158,
        "fx": 0.8569566627292158
    },
    {
        "id": 21,
        "img_name": "image_21",
        "width": 512,
        "height": 512,
        "position": [
            1.2036539203482544,
            0.0,
            0.2122366615929149
        ],
        "rotation": [
            [
                0.984807753012208,
                0.0,
                0.17364817766693036
            ],
            [
                0.0,
                1.0,
                0.0
            ],
            [
                -0.17364817766693036,
                0.0,
                0.984807753012208
            ]
        ],
        "fy": 0.8569566627292158,
        "fx": 0.8569566627292158
    },
    {
        "id": 22,
        "img_name": "image_22",
        "width": 512,
        "height": 512,
        "position": [
            1.4225000876843004,
            0.0,
            0.2508251455188994
        ],
        "rotation": [
            [
                0.984807753012208,
                0.0,
                0.17364817766693036
            ],
            [
                0.0,
                1.0,
                0.0
            ],
            [
                -0.17364817766693036,
                0.0,
                0.984807753012208
            ]
        ],
        "fy": 0.8569566627292158,
        "fx": 0.8569566627292158
    },
    {
        "id": 23,
        "img_name": "image_23",
        "width": 512,
        "height": 512,
        "position": [
            1.6413462550203466,
            0.0,
            0.2894136294448839
        ],
        "rotation": [
            [
                0.984807753012208,
                0.0,
                0.17364817766693036
            ],
            [
                0.0,
                1.0,
                0.0
            ],
            [
                -0.17364817766693036,
                0.0,
                0.984807753012208
            ]
        ],
        "fy": 0.8569566627292158,
        "fx": 0.8569566627292158
    },
    {
        "id": 24,
        "img_name": "image_24",
        "width": 512,
        "height": 512,
        "position": [
            1.8601924223563928,
            0.0,
            0.32800211337086843
        ],
        "rotation": [
            [
                0.984807753012208,
                0.0,
                0.17364817766693036
            ],
            [
                0.0,
                1.0,
                0.0
            ],
            [
                -0.17364817766693036,
                0.0,
                0.984807753012208
            ]
        ],
        "fy": 0.8569566627292158,
        "fx": 0.8569566627292158
    },
    {
        "id": 25,
        "img_name": "image_25",
        "width": 512,
        "height": 512,
        "position": [
            2.079038589692439,
            0.0,
            0.366590597296853
        ],
        "rotation": [
            [
                0.984807753012208,
                0.0,
                0.17364817766693036
            ],
            [
                0.0,
                1.0,
                0.0
            ],
            [
                -0.17364817766693036,
                0.0,
                0.984807753012208
            ]
        ],
        "fy": 0.8569566627292158,
        "fx": 0.8569566627292158
    },
    {
        "id": 26,
        "img_name": "image_26",
        "width": 512,
        "height": 512,
        "position": [
            2.297884757028485,
            0.0,
            0.40517908122283747
        ],
        "rotation": [
            [
                0.984807753012208,
                0.0,
                0.17364817766693036
            ],
            [
                0.0,
                1.0,
                0.0
            ],
            [
                -0.17364817766693036,
                0.0,
                0.984807753012208
            ]
        ],
        "fy": 0.8569566627292158,
        "fx": 0.8569566627292158
    },
    {
        "id": 27,
        "img_name": "image_27",
        "width": 512,
        "height": 512,
        "position": [
            2.5167309243645315,
            0.0,
            0.443767565148822
        ],
        "rotation": [
            [
                0.984807753012208,
                0.0,
                0.17364817766693036
            ],
            [
                0.0,
                1.0,
                0.0
            ],
            [
                -0.17364817766693036,
                0.0,
                0.984807753012208
            ]
        ],
        "fy": 0.8569566627292158,
        "fx": 0.8569566627292158
    },
    {
        "id": 28,
        "img_name": "image_28",
        "width": 512,
        "height": 512,
        "position": [
            2.735577091700578,
            0.0,
            0.48235604907480656
        ],
        "rotation": [
            [
                0.984807753012208,
                0.0,
                0.17364817766693036
            ],
            [
                0.0,
                1.0,
                0.0
            ],
            [
                -0.17364817766693036,
                0.0,
                0.984807753012208
            ]
        ],
        "fy": 0.8569566627292158,
        "fx": 0.8569566627292158
    },
    {
        "id": 29,
        "img_name": "image_29",
        "width": 512,
        "height": 512,
        "position": [
            2.954423259036624,
            0.0,
            0.5209445330007911
        ],
        "rotation": [
            [
                0.984807753012208,
                0.0,
                0.17364817766693036
            ],
            [
                0.0,
                1.0,
                0.0
            ],
            [
                -0.17364817766693036,
                0.0,
                0.984807753012208
            ]
        ],
        "fy": 0.8569566627292158,
        "fx": 0.8569566627292158
    },
    {
        "id": 30,
        "img_name": "image_30",
        "width": 512,
        "height": 512,
        "position": [
            0.9659258262890684,
            0.0,
            0.2588190451025208
        ],
        "rotation": [
            [
                0.9659258262890684,
                0.0,
                0.2588190451025208
            ],
            [
                0.0,
                1.0,
                0.0
            ],
            [
                -0.2588190451025208,
                0.0,
                0.9659258262890684
            ]
        ],
        "fy": 0.8569566627292158,
        "fx": 0.8569566627292158
    },
    {
        "id": 31,
        "img_name": "image_31",
        "width": 512,
        "height": 512,
        "position": [
            1.1805760099088616,
            0.0,
            0.31633438845863654
        ],
        "rotation": [
            [
                0.9659258262890684,
                0.0,
                0.2588190451025208
            ],
            [
                0.0,
                1.0,
                0.0
            ],
            [
                -0.2588190451025208,
                0.0,
                0.9659258262890684
            ]
        ],
        "fy": 0.8569566627292158,
        "fx": 0.8569566627292158
    },
    {
        "id": 32,
        "img_name": "image_32",
        "width": 512,
        "height": 512,
        "position": [
            1.3952261935286543,
            0.0,
            0.37384973181475223
        ],
        "rotation": [
            [
                0.9659258262890684,
                0.0,
                0.2588190451025208
            ],
            [
                0.0,
                1.0,
                0.0
            ],
            [
                -0.2588190451025208,
                0.0,
                0.9659258262890684
            ]
        ],
        "fy": 0.8569566627292158,
        "fx": 0.8569566627292158
    },
    {
        "id": 33,
        "img_name": "image_33",
        "width": 512,
        "height": 512,
        "position": [
            1.6098763771484472,
            0.0,
            0.431365075170868
        ],
        "rotation": [
            [
                0.9659258262890684,
                0.0,
                0.2588190451025208
            ],
            [
                0.0,
                1.0,
                0.0
            ],
            [
                -0.2588190451025208,
                0.0,
                0.9659258262890684
            ]
        ],
        "fy": 0.8569566627292158,
        "fx": 0.8569566627292158
    },
    {
        "id": 34,
        "img_name": "image_34",
        "width": 512,
        "height": 512,
        "position": [
            1.8245265607682404,
            0.0,
            0.4888804185269837
        ],
        "rotation": [
            [
                0.9659258262890684,
                0.0,
                0.2588190451025208
            ],
            [
                0.0,
                1.0,
                0.0
            ],
            [
                -0.2588190451025208,
                0.0,
                0.9659258262890684
            ]
        ],
        "fy": 0.8569566627292158,
        "fx": 0.8569566627292158
    },
    {
        "id": 35,
        "img_name": "image_35",
        "width": 512,
        "height": 512,
        "position": [
            2.0391767443880333,
            0.0,
            0.5463957618830995
        ],
        "rotation": [
            [
                0.9659258262890684,
                0.0,
                0.2588190451025208
            ],
            [
                0.0,
                1.0,
                0.0
            ],
            [
                -0.2588190451025208,
                0.0,
                0.9659258262890684
            ]
        ],
        "fy": 0.8569566627292158,
        "fx": 0.8569566627292158
    },
    {
        "id": 36,
        "img_name": "image_36",
        "width": 512,
        "height": 512,
        "position": [
            2.2538269280078262,
            0.0,
            0.6039111052392151
        ],
        "rotation": [
            [
                0.9659258262890684,
                0.0,
                0.2588190451025208
            ],
            [
                0.0,
                1.0,
                0.0
            ],
            [
                -0.2588190451025208,
                0.0,
                0.9659258262890684
            ]
        ],
        "fy": 0.8569566627292158,
        "fx": 0.8569566627292158
    },
    {
        "id": 37,
        "img_name": "image_37",
        "width": 512,
        "height": 512,
        "position": [
            2.468477111627619,
            0.0,
            0.6614264485953308
        ],
        "rotation": [
            [
                0.9659258262890684,
                0.0,
                0.2588190451025208
            ],
            [
                0.0,
                1.0,
                0.0
            ],
            [
                -0.2588190451025208,
                0.0,
                0.9659258262890684
            ]
        ],
        "fy": 0.8569566627292158,
        "fx": 0.8569566627292158
    },
    {
        "id": 38,
        "img_name": "image_38",
        "width": 512,
        "height": 512,
        "position": [
            2.683127295247412,
            0.0,
            0.7189417919514466
        ],
        "rotation": [
            [
                0.9659258262890684,
                0.0,
                0.2588190451025208
            ],
            [
                0.0,
                1.0,
                0.0
            ],
            [
                -0.2588190451025208,
                0.0,
                0.9659258262890684
            ]
        ],
        "fy": 0.8569566627292158,
        "fx": 0.8569566627292158
    },
    {
        "id": 39,
        "img_name": "image_39",
        "width": 512,
        "height": 512,
        "position": [
            2.897777478867205,
            0.0,
            0.7764571353075624
        ],
        "rotation": [
            [
                0.9659258262890684,
                0.0,
                0.2588190451025208
            ],
            [
                0.0,
                1.0,
                0.0
            ],
            [
                -0.2588190451025208,
                0.0,
                0.9659258262890684
            ]
        ],
        "fy": 0.8569566627292158,
        "fx": 0.8569566627292158
    },
    {
        "id": 40,
        "img_name": "image_40",
        "width": 512,
        "height": 512,
        "position": [
            0.9396926207859083,
            0.0,
            0.34202014332566877
        ],
        "rotation": [
            [
                0.9396926207859083,
                0.0,
                0.34202014332566877
            ],
            [
                0.0,
                1.0,
                0.0
            ],
            [
                -0.34202014332566877,
                0.0,
                0.9396926207859083
            ]
        ],
        "fy": 0.8569566627292158,
        "fx": 0.8569566627292158
    },
    {
        "id": 41,
        "img_name": "image_41",
        "width": 512,
        "height": 512,
        "position": [
            1.148513203182777,
            0.0,
            0.4180246196202619
        ],
        "rotation": [
            [
                0.9396926207859083,
                0.0,
                0.34202014332566877
            ],
            [
                0.0,
                1.0,
                0.0
            ],
            [
                -0.34202014332566877,
                0.0,
                0.9396926207859083
            ]
        ],
        "fy": 0.8569566627292158,
        "fx": 0.8569566627292158
    },
    {
        "id": 42,
        "img_name": "image_42",
        "width": 512,
        "height": 512,
        "position": [
            1.3573337855796452,
            0.0,
            0.4940290959148549
        ],
        "rotation": [
            [
                0.9396926207859083,
                0.0,
                0.34202014332566877
            ],
            [
                0.0,
                1.0,
                0.0
            ],
            [
                -0.34202014332566877,
                0.0,
                0.9396926207859083
            ]
        ],
        "fy": 0.8569566627292158,
        "fx": 0.8569566627292158
    },
    {
        "id": 43,
        "img_name": "image_43",
        "width": 512,
        "height": 512,
        "position": [
            1.5661543679765138,
            0.0,
            0.570033572209448
        ],
        "rotation": [
            [
                0.9396926207859083,
                0.0,
                0.34202014332566877
            ],
            [
                0.0,
                1.0,
                0.0
            ],
            [
                -0.34202014332566877,
                0.0,
                0.9396926207859083
            ]
        ],
        "fy": 0.8569566627292158,
        "fx": 0.8569566627292158
    },
    {
        "id": 44,
        "img_name": "image_44",
        "width": 512,
        "height": 512,
        "position": [
            1.7749749503733823,
            0.0,
            0.646038048504041
        ],
        "rotation": [
            [
                0.9396926207859083,
                0.0,
                0.34202014332566877
            ],
            [
                0.0,
                1.0,
                0.0
            ],
            [
                -0.34202014332566877,
                0.0,
                0.9396926207859083
            ]
        ],
        "fy": 0.8569566627292158,
        "fx": 0.8569566627292158
    },
    {
        "id": 45,
        "img_name": "image_45",
        "width": 512,
        "height": 512,
        "position": [
            1.983795532770251,
            0.0,
            0.7220425247986341
        ],
        "rotation": [
            [
                0.9396926207859083,
                0.0,
                0.34202014332566877
            ],
            [
                0.0,
                1.0,
                0.0
            ],
            [
                -0.34202014332566877,
                0.0,
                0.9396926207859083
            ]
        ],
        "fy": 0.8569566627292158,
        "fx": 0.8569566627292158
    },
    {
        "id": 46,
        "img_name": "image_46",
        "width": 512,
        "height": 512,
        "position": [
            2.192616115167119,
            0.0,
            0.798047001093227
        ],
        "rotation": [
            [
                0.9396926207859083,
                0.0,
                0.34202014332566877
            ],
            [
                0.0,
                1.0,
                0.0
            ],
            [
                -0.34202014332566877,
                0.0,
                0.9396926207859083
            ]
        ],
        "fy": 0.8569566627292158,
        "fx": 0.8569566627292158
    },
    {
        "id": 47,
        "img_name": "image_47",
        "width": 512,
        "height": 512,
        "position": [
            2.401436697563988,
            0.0,
            0.8740514773878201
        ],
        "rotation": [
            [
                0.9396926207859083,
                0.0,
                0.34202014332566877
            ],
            [
                0.0,
                1.0,
                0.0
            ],
            [
                -0.34202014332566877,
                0.0,
                0.9396926207859083
            ]
        ],
        "fy": 0.8569566627292158,
        "fx": 0.8569566627292158
    },
    {
        "id": 48,
        "img_name": "image_48",
        "width": 512,
        "height": 512,
        "position": [
            2.6102572799608565,
            0.0,
            0.9500559536824132
        ],
        "rotation": [
            [
                0.9396926207859083,
                0.0,
                0.34202014332566877
            ],
            [
                0.0,
                1.0,
                0.0
            ],
            [
                -0.34202014332566877,
                0.0,
                0.9396926207859083
            ]
        ],
        "fy": 0.8569566627292158,
        "fx": 0.8569566627292158
    },
    {
        "id": 49,
        "img_name": "image_49",
        "width": 512,
        "height": 512,
        "position": [
            2.819077862357725,
            0.0,
            1.0260604299770062
        ],
        "rotation": [
            [
                0.9396926207859083,
                0.0,
                0.34202014332566877
            ],
            [
                0.0,
                1.0,
                0.0
            ],
            [
                -0.34202014332566877,
                0.0,
                0.9396926207859083
            ]
        ],
        "fy": 0.8569566627292158,
        "fx": 0.8569566627292158
    },
    {
        "id": 50,
        "img_name": "image_50",
        "width": 512,
        "height": 512,
        "position": [
            0.9063077870366498,
            0.0,
            0.42261826174069944
        ],
        "rotation": [
            [
                0.9063077870366498,
                0.0,
                0.42261826174069944
            ],
            [
                0.0,
                1.0,
                0.0
            ],
            [
                -0.42261826174069944,
                0.0,
                0.9063077870366498
            ]
        ],
        "fy": 0.8569566627292158,
        "fx": 0.8569566627292158
    },
    {
        "id": 51,
        "img_name": "image_51",
        "width": 512,
        "height": 512,
        "position": [
            1.1077095174892388,
            0.0,
            0.5165334310164105
        ],
        "rotation": [
            [
                0.9063077870366498,
                0.0,
                0.42261826174069944
            ],
            [
                0.0,
                1.0,
                0.0
            ],
            [
                -0.42261826174069944,
                0.0,
                0.9063077870366498
            ]
        ],
        "fy": 0.8569566627292158,
        "fx": 0.8569566627292158
    },
    {
        "id": 52,
        "img_name": "image_52",
        "width": 512,
        "height": 512,
        "position": [
            1.3091112479418274,
            0.0,
            0.6104486002921214
        ],
        "rotation": [
            [
                0.9063077870366498,
                0.0,
                0.42261826174069944
            ],
            [
                0.0,
                1.0,
                0.0
            ],
            [
                -0.42261826174069944,
                0.0,
                0.9063077870366498
            ]
        ],
        "fy": 0.8569566627292158,
        "fx": 0.8569566627292158
    },
    {
        "id": 53,
        "img_name": "image_53",
        "width": 512,
        "height": 512,
        "position": [
            1.5105129783944162,
            0.0,
            0.7043637695678323
        ],
        "rotation": [
            [
                0.9063077870366498,
                0.0,
                0.42261826174069944
            ],
            [
                0.0,
                1.0,
                0.0
            ],
            [
                -0.42261826174069944,
                0.0,
                0.9063077870366498
            ]
        ],
        "fy": 0.8569566627292158,
        "fx": 0.8569566627292158
    },
    {
        "id": 54,
        "img_name": "image_54",
        "width": 512,
        "height": 512,
        "position": [
            1.7119147088470053,
            0.0,
            0.7982789388435434
        ],
        "rotation": [
            [
                0.9063077870366498,
                0.0,
                0.42261826174069944
            ],
            [
                0.0,
                1.0,
                0.0
            ],
            [
                -0.42261826174069944,
                0.0,
                0.9063077870366498
            ]
        ],
        "fy": 0.8569566627292158,
        "fx": 0.8569566627292158
    },
    {
        "id": 55,
        "img_name": "image_55",
        "width": 512,
        "height": 512,
        "position": [
            1.913316439299594,
            0.0,
            0.8921941081192544
        ],
        "rotation": [
            [
                0.9063077870366498,
                0.0,
                0.42261826174069944
            ],
            [
                0.0,
                1.0,
                0.0
            ],
            [
                -0.42261826174069944,
                0.0,
                0.9063077870366498
            ]
        ],
        "fy": 0.8569566627292158,
        "fx": 0.8569566627292158
    },
    {
        "id": 56,
        "img_name": "image_56",
        "width": 512,
        "height": 512,
        "position": [
            2.114718169752183,
            0.0,
            0.9861092773949652
        ],
        "rotation": [
            [
                0.9063077870366498,
                0.0,
                0.42261826174069944
            ],
            [
                0.0,
                1.0,
                0.0
            ],
            [
                -0.42261826174069944,
                0.0,
                0.9063077870366498
            ]
        ],
        "fy": 0.8569566627292158,
        "fx": 0.8569566627292158
    },
    {
        "id": 57,
        "img_name": "image_57",
        "width": 512,
        "height": 512,
        "position": [
            2.3161199002047717,
            0.0,
            1.0800244466706763
        ],
        "rotation": [
            [
                0.9063077870366498,
                0.0,
                0.42261826174069944
            ],
            [
                0.0,
                1.0,
                0.0
            ],
            [
                -0.42261826174069944,
                0.0,
                0.9063077870366498
            ]
        ],
        "fy": 0.8569566627292158,
        "fx": 0.8569566627292158
    },
    {
        "id": 58,
        "img_name": "image_58",
        "width": 512,
        "height": 512,
        "position": [
            2.5175216306573605,
            0.0,
            1.1739396159463873
        ],
        "rotation": [
            [
                0.9063077870366498,
                0.0,
                0.42261826174069944
            ],
            [
                0.0,
                1.0,
                0.0
            ],
            [
                -0.42261826174069944,
                0.0,
                0.9063077870366498
            ]
        ],
        "fy": 0.8569566627292158,
        "fx": 0.8569566627292158
    },
    {
        "id": 59,
        "img_name": "image_59",
        "width": 512,
        "height": 512,
        "position": [
            2.7189233611099493,
            0.0,
            1.2678547852220983
        ],
        "rotation": [
            [
                0.9063077870366498,
                0.0,
                0.42261826174069944
            ],
            [
                0.0,
                1.0,
                0.0
            ],
            [
                -0.42261826174069944,
                0.0,
                0.9063077870366498
            ]
        ],
        "fy": 0.8569566627292158,
        "fx": 0.8569566627292158
    },
    {
        "id": 60,
        "img_name": "image_60",
        "width": 512,
        "height": 512,
        "position": [
            0.8660254037844386,
            0.0,
            0.4999999999999999
        ],
        "rotation": [
            [
                0.8660254037844386,
                0.0,
                0.4999999999999999
            ],
            [
                0.0,
                1.0,
                0.0
            ],
            [
                -0.4999999999999999,
                0.0,
                0.8660254037844386
            ]
        ],
        "fy": 0.8569566627292158,
        "fx": 0.8569566627292158
    },
    {
        "id": 61,
        "img_name": "image_61",
        "width": 512,
        "height": 512,
        "position": [
            1.058475493514314,
            0.0,
            0.611111111111111
        ],
        "rotation": [
            [
                0.8660254037844386,
                0.0,
                0.4999999999999999
            ],
            [
                0.0,
                1.0,
                0.0
            ],
            [
                -0.4999999999999999,
                0.0,
                0.8660254037844386
            ]
        ],
        "fy": 0.8569566627292158,
        "fx": 0.8569566627292158
    },
    {
        "id": 62,
        "img_name": "image_62",
        "width": 512,
        "height": 512,
        "position": [
            1.250925583244189,
            0.0,
            0.7222222222222221
