[
    {
        "id": 0,
        "img_name": "image_0",
        "width": 512,
        "height": 512,
        "position": [
            -0.6123724579811096,
            0.5,
            0.6123724579811096
        ],
        "rotation": [
            [
                0.7071067690849304,
                0.3535533845424652,
                -0.6123724579811096
            ],
            [
                -0.0,
                0.8660253882408142,
                0.5
            ],
            [
                0.7071067690849304,
                -0.3535533845424652,
                0.6123724579811096
            ]
        ],
        "fy": 0.8569566627292158,
        "fx": 0.8569566627292158
    },
    {
        "id": 1,
        "img_name": "image_1",
        "width": 512,
        "height": 512,
        "position": [
            -0.7484552264213562,
            0.6111111044883728,
            0.7484552264213562
        ],
        "rotation": [
            [
                0.7071067690849304,
                0.3535533845424652,
                -0.6123724579811096
            ],
            [
                -0.0,
                0.8660253882408142,
                0.5
            ],
            [
                0.7071067690849304,
                -0.3535533845424652,
                0.6123724579811096
            ]
        ],
        "fy": 0.8569566627292158,
        "fx": 0.8569566627292158
    },
    {
        "id": 2,
        "img_name": "image_2",
        "width": 512,
        "height": 512,
        "position": [
            -0.884537935256958,
            0.7222222089767456,
            0.884537935256958
        ],
        "rotation": [
            [
                0.7071067690849304,
                0.3535533845424652,
                -0.6123724579811096
            ],
            [
                -0.0,
                0.8660253882408142,
                0.5
            ],
            [
                0.7071067690849304,
                -0.3535533845424652,
                0.6123724579811096
            ]
        ],
        "fy": 0.8569566627292158,
        "fx": 0.8569566627292158
    },
    {
        "id": 3,
        "img_name": "image_3",
        "width": 512,
        "height": 512,
        "position": [
            -1.0206207036972046,
            0.8333333134651184,
            1.0206207036972046
        ],
        "rotation": [
            [
                0.7071067690849304,
                0.3535533845424652,
                -0.6123724579811096
            ],
            [
                -0.0,
                0.8660253882408142,
                0.5
            ],
            [
                0.7071067690849304,
                -0.3535533845424652,
                0.6123724579811096
            ]
        ],
        "fy": 0.8569566627292158,
        "fx": 0.8569566627292158
    },
    {
        "id": 4,
        "img_name": "image_4",
        "width": 512,
        "height": 512,
        "position": [
            -1.1567034721374512,
            0.9444444179534912,
            1.1567034721374512
        ],
        "rotation": [
            [
                0.7071067690849304,
                0.3535533845424652,
                -0.6123724579811096
            ],
            [
                -0.0,
                0.8660253882408142,
                0.5
            ],
            [
                0.7071067690849304,
                -0.3535533845424652,
                0.6123724579811096
            ]
        ],
        "fy": 0.8569566627292158,
        "fx": 0.8569566627292158
    },
    {
        "id": 5,
        "img_name": "image_5",
        "width": 512,
        "height": 512,
        "position": [
            -1.2927862405776978,
            1.0555555820465088,
            1.2927862405776978
        ],
        "rotation": [
            [
                0.7071067690849304,
                0.3535533845424652,
                -0.6123724579811096
            ],
            [
                -0.0,
                0.8660253882408142,
                0.5
            ],
            [
                0.7071067690849304,
                -0.3535533845424652,
                0.6123724579811096
            ]
        ],
        "fy": 0.8569566627292158,
        "fx": 0.8569566627292158
    },
    {
        "id": 6,
        "img_name": "image_6",
        "width": 512,
        "height": 512,
        "position": [
            -1.4288690090179443,
            1.1666666269302368,
            1.4288690090179443
        ],
        "rotation": [
            [
                0.7071067690849304,
                0.3535533845424652,
                -0.6123724579811096
            ],
            [
                -0.0,
                0.8660253882408142,
                0.5
            ],
            [
                0.7071067690849304,
                -0.3535533845424652,
                0.6123724579811096
            ]
        ],
        "fy": 0.8569566627292158,
        "fx": 0.8569566627292158
    },
    {
        "id": 7,
        "img_name": "image_7",
        "width": 512,
        "height": 512,
        "position": [
            -1.564951777458191,
            1.2777777910232544,
            1.564951777458191
        ],
        "rotation": [
            [
                0.7071067690849304,
                0.3535533845424652,
                -0.6123724579811096
            ],
            [
                -0.0,
                0.8660253882408142,
                0.5
            ],
            [
                0.7071067690849304,
                -0.3535533845424652,
                0.6123724579811096
            ]
        ],
        "fy": 0.8569566627292158,
        "fx": 0.8569566627292158
    },
    {
        "id": 8,
        "img_name": "image_8",
        "width": 512,
        "height": 512,
        "position": [
            -1.7010345458984375,
            1.3888888359069824,
            1.7010345458984375
        ],
        "rotation": [
            [
                0.7071067690849304,
                0.3535533845424652,
                -0.6123724579811096
            ],
            [
                -0.0,
                0.8660253882408142,
                0.5
            ],
            [
                0.7071067690849304,
                -0.3535533845424652,
                0.6123724579811096
            ]
        ],
        "fy": 0.8569566627292158,
        "fx": 0.8569566627292158
    },
    {
        "id": 9,
        "img_name": "image_9",
        "width": 512,
        "height": 512,
        "position": [
            -1.837117314338684,
            1.5,
            1.837117314338684
        ],
        "rotation": [
            [
                0.7071067690849304,
                0.3535533845424652,
                -0.6123724579811096
            ],
            [
                -0.0,
                0.8660253882408142,
                0.5
            ],
            [
                0.7071067690849304,
                -0.3535533845424652,
                0.6123724579811096
            ]
        ],
        "fy": 0.8569566627292158,
        "fx": 0.8569566627292158
    },
    {
        "id": 10,
        "img_name": "image_10",
        "width": 512,
        "height": 512,
        "position": [
            -0.649276852607727,
            0.39607977867126465,
            0.649276852607727
        ],
        "rotation": [
            [
                0.7071067690849304,
                0.2800706923007965,
                -0.649276852607727
            ],
            [
                -0.0,
                0.9182161092758179,
                0.39607977867126465
            ],
            [
                0.7071067690849304,
                -0.2800706923007965,
                0.649276852607727
            ]
        ],
        "fy": 0.8569566627292158,
        "fx": 0.8569566627292158
    },
    {
        "id": 11,
        "img_name": "image_11",
        "width": 512,
        "height": 512,
        "position": [
            -0.7935605645179749,
            0.4840974807739258,
            0.7935605645179749
        ],
        "rotation": [
            [
                0.7071067690849304,
                0.2800706923007965,
                -0.649276852607727
            ],
            [
                -0.0,
                0.9182161092758179,
                0.39607977867126465
            ],
            [
                0.7071067690849304,
                -0.2800706923007965,
                0.649276852607727
            ]
        ],
        "fy": 0.8569566627292158,
        "fx": 0.8569566627292158
    },
    {
        "id": 12,
        "img_name": "image_12",
        "width": 512,
        "height": 512,
        "position": [
            -0.9378443360328674,
            0.5721152424812317,
            0.9378443360328674
        ],
        "rotation": [
            [
                0.7071067690849304,
                0.2800706923007965,
                -0.649276852607727
            ],
            [
                -0.0,
                0.9182161092758179,
                0.39607977867126465
            ],
            [
                0.7071067690849304,
                -0.2800706923007965,
                0.649276852607727
            ]
        ],
        "fy": 0.8569566627292158,
        "fx": 0.8569566627292158
    },
    {
        "id": 13,
        "img_name": "image_13",
        "width": 512,
        "height": 512,
        "position": [
            -1.0821280479431152,
            0.6601329445838928,
            1.0821280479431152
        ],
        "rotation": [
            [
                0.7071067690849304,
                0.2800706923007965,
                -0.649276852607727
            ],
            [
                -0.0,
                0.9182161092758179,
                0.39607977867126465
            ],
            [
                0.7071067690849304,
                -0.2800706923007965,
                0.649276852607727
            ]
        ],
        "fy": 0.8569566627292158,
        "fx": 0.8569566627292158
    },
    {
        "id": 14,
        "img_name": "image_14",
        "width": 512,
        "height": 512,
        "position": [
            -1.2264118194580078,
            0.748150646686554,
            1.2264118194580078
        ],
        "rotation": [
            [
                0.7071067690849304,
                0.2800706923007965,
                -0.649276852607727
            ],
            [
                -0.0,
                0.9182161092758179,
                0.39607977867126465
            ],
            [
                0.7071067690849304,
                -0.2800706923007965,
                0.649276852607727
            ]
        ],
        "fy": 0.8569566627292158,
        "fx": 0.8569566627292158
    },
    {
        "id": 15,
        "img_name": "image_15",
        "width": 512,
        "height": 512,
        "position": [
            -1.3706955909729004,
            0.8361684083938599,
            1.3706955909729004
        ],
        "rotation": [
            [
                0.7071067690849304,
                0.2800706923007965,
                -0.649276852607727
            ],
            [
                -0.0,
                0.9182161092758179,
                0.39607977867126465
            ],
            [
                0.7071067690849304,
                -0.2800706923007965,
                0.649276852607727
            ]
        ],
        "fy": 0.8569566627292158,
        "fx": 0.8569566627292158
    },
    {
        "id": 16,
        "img_name": "image_16",
        "width": 512,
        "height": 512,
        "position": [
            -1.5149792432785034,
            0.924186110496521,
            1.5149792432785034
        ],
        "rotation": [
            [
                0.7071067690849304,
                0.2800706923007965,
                -0.649276852607727
            ],
            [
                -0.0,
                0.9182161092758179,
                0.39607977867126465
            ],
            [
                0.7071067690849304,
                -0.2800706923007965,
                0.649276852607727
            ]
        ],
        "fy": 0.8569566627292158,
        "fx": 0.8569566627292158
    },
    {
        "id": 17,
        "img_name": "image_17",
        "width": 512,
        "height": 512,
        "position": [
            -1.659263014793396,
            1.0122038125991821,
            1.659263014793396
        ],
        "rotation": [
            [
                0.7071067690849304,
                0.2800706923007965,
                -0.649276852607727
            ],
            [
                -0.0,
                0.9182161092758179,
                0.39607977867126465
            ],
            [
                0.7071067690849304,
                -0.2800706923007965,
                0.649276852607727
            ]
        ],
        "fy": 0.8569566627292158,
        "fx": 0.8569566627292158
    },
    {
        "id": 18,
        "img_name": "image_18",
        "width": 512,
        "height": 512,
        "position": [
            -1.8035467863082886,
            1.1002215147018433,
            1.8035467863082886
        ],
        "rotation": [
            [
                0.7071067690849304,
                0.2800706923007965,
                -0.649276852607727
            ],
            [
                -0.0,
                0.9182161092758179,
                0.39607977867126465
            ],
            [
                0.7071067690849304,
                -0.2800706923007965,
                0.649276852607727
            ]
        ],
        "fy": 0.8569566627292158,
        "fx": 0.8569566627292158
    },
    {
        "id": 19,
        "img_name": "image_19",
        "width": 512,
        "height": 512,
        "position": [
            -1.9478305578231812,
            1.188239336013794,
            1.9478305578231812
        ],
        "rotation": [
            [
                0.7071067690849304,
                0.2800706923007965,
                -0.649276852607727
            ],
            [
                -0.0,
                0.9182161092758179,
                0.39607977867126465
            ],
            [
                0.7071067690849304,
                -0.2800706923007965,
                0.649276852607727
            ]
        ],
        "fy": 0.8569566627292158,
        "fx": 0.8569566627292158
    },
    {
        "id": 20,
        "img_name": "image_20",
        "width": 512,
        "height": 512,
        "position": [
            -0.6774008870124817,
            0.2868032455444336,
            0.6774008870124817
        ],
        "rotation": [
            [
                0.7071067690849304,
                0.20280051231384277,
                -0.6774008870124817
            ],
            [
                -0.0,
                0.957989513874054,
                0.2868032455444336
            ],
            [
                0.7071067690849304,
                -0.20280051231384277,
                0.6774008870124817
            ]
        ],
        "fy": 0.8569566627292158,
        "fx": 0.8569566627292158
    },
    {
        "id": 21,
        "img_name": "image_21",
        "width": 512,
        "height": 512,
        "position": [
            -0.8279343843460083,
            0.3505372703075409,
            0.8279343843460083
        ],
        "rotation": [
            [
                0.7071067690849304,
                0.20280051231384277,
                -0.6774008870124817
            ],
            [
                -0.0,
                0.957989513874054,
                0.2868032455444336
            ],
            [
                0.7071067690849304,
                -0.20280051231384277,
                0.6774008870124817
            ]
        ],
        "fy": 0.8569566627292158,
        "fx": 0.8569566627292158
    },
    {
        "id": 22,
        "img_name": "image_22",
        "width": 512,
        "height": 512,
        "position": [
            -0.9784679412841797,
            0.4142713248729706,
            0.9784679412841797
        ],
        "rotation": [
            [
                0.7071067690849304,
                0.20280051231384277,
                -0.6774008870124817
            ],
            [
                -0.0,
                0.957989513874054,
                0.2868032455444336
            ],
            [
                0.7071067690849304,
                -0.20280051231384277,
                0.6774008870124817
            ]
        ],
        "fy": 0.8569566627292158,
        "fx": 0.8569566627292158
    },
    {
        "id": 23,
        "img_name": "image_23",
        "width": 512,
        "height": 512,
        "position": [
            -1.129001498222351,
            0.47800537943840027,
            1.129001498222351
        ],
        "rotation": [
            [
                0.7071067690849304,
                0.20280051231384277,
                -0.6774008870124817
            ],
            [
                -0.0,
                0.957989513874054,
                0.2868032455444336
            ],
            [
                0.7071067690849304,
                -0.20280051231384277,
                0.6774008870124817
            ]
        ],
        "fy": 0.8569566627292158,
        "fx": 0.8569566627292158
    },
    {
        "id": 24,
        "img_name": "image_24",
        "width": 512,
        "height": 512,
        "position": [
            -1.2795350551605225,
            0.5417394638061523,
            1.2795350551605225
        ],
        "rotation": [
            [
                0.7071067690849304,
                0.20280051231384277,
                -0.6774008870124817
            ],
            [
                -0.0,
                0.957989513874054,
                0.2868032455444336
            ],
            [
                0.7071067690849304,
                -0.20280051231384277,
                0.6774008870124817
            ]
        ],
        "fy": 0.8569566627292158,
        "fx": 0.8569566627292158
    },
    {
        "id": 25,
        "img_name": "image_25",
        "width": 512,
        "height": 512,
        "position": [
            -1.4300684928894043,
            0.605473518371582,
            1.4300684928894043
        ],
        "rotation": [
            [
                0.7071067690849304,
                0.20280051231384277,
                -0.6774008870124817
            ],
            [
                -0.0,
                0.957989513874054,
                0.2868032455444336
            ],
            [
                0.7071067690849304,
                -0.20280051231384277,
                0.6774008870124817
            ]
        ],
        "fy": 0.8569566627292158,
        "fx": 0.8569566627292158
    },
    {
        "id": 26,
        "img_name": "image_26",
        "width": 512,
        "height": 512,
        "position": [
            -1.5806020498275757,
            0.6692075133323669,
            1.5806020498275757
        ],
        "rotation": [
            [
                0.7071067690849304,
                0.20280051231384277,
                -0.6774008870124817
            ],
            [
                -0.0,
                0.957989513874054,
                0.2868032455444336
            ],
            [
                0.7071067690849304,
                -0.20280051231384277,
                0.6774008870124817
            ]
        ],
        "fy": 0.8569566627292158,
        "fx": 0.8569566627292158
    },
    {
        "id": 27,
        "img_name": "image_27",
        "width": 512,
        "height": 512,
        "position": [
            -1.731135606765747,
            0.7329415678977966,
            1.731135606765747
        ],
        "rotation": [
            [
                0.7071067690849304,
                0.20280051231384277,
                -0.6774008870124817
            ],
            [
                -0.0,
                0.957989513874054,
                0.2868032455444336
            ],
            [
                0.7071067690849304,
                -0.20280051231384277,
                0.6774008870124817
            ]
        ],
        "fy": 0.8569566627292158,
        "fx": 0.8569566627292158
    },
    {
        "id": 28,
        "img_name": "image_28",
        "width": 512,
        "height": 512,
        "position": [
            -1.8816691637039185,
            0.7966756224632263,
            1.8816691637039185
        ],
        "rotation": [
            [
                0.7071067690849304,
                0.20280051231384277,
                -0.6774008870124817
            ],
            [
                -0.0,
                0.957989513874054,
                0.2868032455444336
            ],
            [
                0.7071067690849304,
                -0.20280051231384277,
                0.6774008870124817
            ]
        ],
        "fy": 0.8569566627292158,
        "fx": 0.8569566627292158
    },
    {
        "id": 29,
        "img_name": "image_29",
        "width": 512,
        "height": 512,
        "position": [
            -2.03220272064209,
            0.860409677028656,
            2.03220272064209
        ],
        "rotation": [
            [
                0.7071067690849304,
                0.20280051231384277,
                -0.6774008870124817
            ],
            [
                -0.0,
                0.957989513874054,
                0.2868032455444336
            ],
            [
                0.7071067690849304,
                -0.20280051231384277,
                0.6774008870124817
            ]
        ],
        "fy": 0.8569566627292158,
        "fx": 0.8569566627292158
    },
    {
        "id": 30,
        "img_name": "image_30",
        "width": 512,
        "height": 512,
        "position": [
            -0.6963642239570618,
            0.1736481785774231,
            0.6963642239570618
        ],
        "rotation": [
            [
                0.7071067690849304,
                0.12278780341148376,
                -0.6963642239570618
            ],
            [
                -0.0,
                0.9848077297210693,
                0.1736481785774231
            ],
            [
                0.7071067690849304,
                -0.12278780341148376,
                0.6963642239570618
            ]
        ],
        "fy": 0.8569566627292158,
        "fx": 0.8569566627292158
    },
    {
        "id": 31,
        "img_name": "image_31",
        "width": 512,
        "height": 512,
        "position": [
            -0.8511118292808533,
            0.2122366577386856,
            0.8511118292808533
        ],
        "rotation": [
            [
                0.7071067690849304,
                0.12278780341148376,
                -0.6963642239570618
            ],
            [
                -0.0,
                0.9848077297210693,
                0.1736481785774231
            ],
            [
                0.7071067690849304,
                -0.12278780341148376,
                0.6963642239570618
            ]
        ],
        "fy": 0.8569566627292158,
        "fx": 0.8569566627292158
    },
    {
        "id": 32,
        "img_name": "image_32",
        "width": 512,
        "height": 512,
        "position": [
            -1.0058594942092896,
            0.2508251368999481,
            1.0058594942092896
        ],
        "rotation": [
            [
                0.7071067690849304,
                0.12278780341148376,
                -0.6963642239570618
            ],
            [
                -0.0,
                0.9848077297210693,
                0.1736481785774231
            ],
            [
                0.7071067690849304,
                -0.12278780341148376,
                0.6963642239570618
            ]
        ],
        "fy": 0.8569566627292158,
        "fx": 0.8569566627292158
    },
    {
        "id": 33,
        "img_name": "image_33",
        "width": 512,
        "height": 512,
        "position": [
            -1.160607099533081,
            0.2894136309623718,
            1.160607099533081
        ],
        "rotation": [
            [
                0.7071067690849304,
                0.12278780341148376,
                -0.6963642239570618
            ],
            [
                -0.0,
                0.9848077297210693,
                0.1736481785774231
            ],
            [
                0.7071067690849304,
                -0.12278780341148376,
                0.6963642239570618
            ]
        ],
        "fy": 0.8569566627292158,
        "fx": 0.8569566627292158
    },
    {
        "id": 34,
        "img_name": "image_34",
        "width": 512,
        "height": 512,
        "position": [
            -1.3153547048568726,
            0.32800212502479553,
            1.3153547048568726
        ],
        "rotation": [
            [
                0.7071067690849304,
                0.12278780341148376,
                -0.6963642239570618
            ],
            [
                -0.0,
                0.9848077297210693,
                0.1736481785774231
            ],
            [
                0.7071067690849304,
                -0.12278780341148376,
                0.6963642239570618
            ]
        ],
        "fy": 0.8569566627292158,
        "fx": 0.8569566627292158
    },
    {
        "id": 35,
        "img_name": "image_35",
        "width": 512,
        "height": 512,
        "position": [
            -1.470102310180664,
            0.36659058928489685,
            1.470102310180664
        ],
        "rotation": [
            [
                0.7071067690849304,
                0.12278780341148376,
                -0.6963642239570618
            ],
            [
                -0.0,
                0.9848077297210693,
                0.1736481785774231
            ],
            [
                0.7071067690849304,
                -0.12278780341148376,
                0.6963642239570618
            ]
        ],
        "fy": 0.8569566627292158,
        "fx": 0.8569566627292158
    },
    {
        "id": 36,
        "img_name": "image_36",
        "width": 512,
        "height": 512,
        "position": [
            -1.6248499155044556,
            0.40517908334732056,
            1.6248499155044556
        ],
        "rotation": [
            [
                0.7071067690849304,
                0.12278780341148376,
                -0.6963642239570618
            ],
            [
                -0.0,
                0.9848077297210693,
                0.1736481785774231
            ],
            [
                0.7071067690849304,
                -0.12278780341148376,
                0.6963642239570618
            ]
        ],
        "fy": 0.8569566627292158,
        "fx": 0.8569566627292158
    },
    {
        "id": 37,
        "img_name": "image_37",
        "width": 512,
        "height": 512,
        "position": [
            -1.779597520828247,
            0.44376757740974426,
            1.779597520828247
        ],
        "rotation": [
            [
                0.7071067690849304,
                0.12278780341148376,
                -0.6963642239570618
            ],
            [
                -0.0,
                0.9848077297210693,
                0.1736481785774231
            ],
            [
                0.7071067690849304,
                -0.12278780341148376,
                0.6963642239570618
            ]
        ],
        "fy": 0.8569566627292158,
        "fx": 0.8569566627292158
    },
    {
        "id": 38,
        "img_name": "image_38",
        "width": 512,
        "height": 512,
        "position": [
            -1.9343451261520386,
            0.4823560416698456,
            1.9343451261520386
        ],
        "rotation": [
            [
                0.7071067690849304,
                0.12278780341148376,
                -0.6963642239570618
            ],
            [
                -0.0,
                0.9848077297210693,
                0.1736481785774231
            ],
            [
                0.7071067690849304,
                -0.12278780341148376,
                0.6963642239570618
            ]
        ],
        "fy": 0.8569566627292158,
        "fx": 0.8569566627292158
    },
    {
        "id": 39,
        "img_name": "image_39",
        "width": 512,
        "height": 512,
        "position": [
            -2.08909273147583,
            0.5209445357322693,
            2.08909273147583
        ],
        "rotation": [
            [
                0.7071067690849304,
                0.12278780341148376,
                -0.6963642239570618
            ],
            [
                -0.0,
                0.9848077297210693,
                0.1736481785774231
            ],
            [
                0.7071067690849304,
                -0.12278780341148376,
                0.6963642239570618
            ]
        ],
        "fy": 0.8569566627292158,
        "fx": 0.8569566627292158
    },
    {
        "id": 40,
        "img_name": "image_40",
        "width": 512,
        "height": 512,
        "position": [
            -0.7059104442596436,
            0.05814483016729355,
            0.7059104442596436
        ],
        "rotation": [
            [
                0.7071067690849304,
                0.041114602237939835,
                -0.7059104442596436
            ],
            [
                -0.0,
                0.9983081817626953,
                0.05814483016729355
            ],
            [
                0.7071067690849304,
                -0.041114602237939835,
                0.7059104442596436
            ]
        ],
        "fy": 0.8569566627292158,
        "fx": 0.8569566627292158
    },
    {
        "id": 41,
        "img_name": "image_41",
        "width": 512,
        "height": 512,
        "position": [
            -0.862779438495636,
            0.07106590270996094,
            0.862779438495636
        ],
        "rotation": [
            [
                0.7071067690849304,
                0.041114602237939835,
                -0.7059104442596436
            ],
            [
                -0.0,
                0.9983081817626953,
                0.05814483016729355
            ],
            [
                0.7071067690849304,
                -0.041114602237939835,
                0.7059104442596436
            ]
        ],
        "fy": 0.8569566627292158,
        "fx": 0.8569566627292158
    },
    {
        "id": 42,
        "img_name": "image_42",
        "width": 512,
        "height": 512,
        "position": [
            -1.0196484327316284,
            0.08398697525262833,
            1.0196484327316284
        ],
        "rotation": [
            [
                0.7071067690849304,
                0.041114602237939835,
                -0.7059104442596436
            ],
            [
                -0.0,
                0.9983081817626953,
                0.05814483016729355
            ],
            [
                0.7071067690849304,
                -0.041114602237939835,
                0.7059104442596436
            ]
        ],
        "fy": 0.8569566627292158,
        "fx": 0.8569566627292158
    },
    {
        "id": 43,
        "img_name": "image_43",
        "width": 512,
        "height": 512,
        "position": [
            -1.1765174865722656,
            0.09690804779529572,
            1.1765174865722656
        ],
        "rotation": [
            [
                0.7071067690849304,
                0.041114602237939835,
                -0.7059104442596436
            ],
            [
                -0.0,
                0.9983081817626953,
                0.05814483016729355
            ],
            [
                0.7071067690849304,
                -0.041114602237939835,
                0.7059104442596436
            ]
        ],
        "fy": 0.8569566627292158,
        "fx": 0.8569566627292158
    },
    {
        "id": 44,
        "img_name": "image_44",
        "width": 512,
        "height": 512,
        "position": [
            -1.3333864212036133,
            0.1098291203379631,
            1.3333864212036133
        ],
        "rotation": [
            [
                0.7071067690849304,
                0.041114602237939835,
                -0.7059104442596436
            ],
            [
                -0.0,
                0.9983081817626953,
                0.05814483016729355
            ],
            [
                0.7071067690849304,
                -0.041114602237939835,
                0.7059104442596436
            ]
        ],
        "fy": 0.8569566627292158,
        "fx": 0.8569566627292158
    },
    {
        "id": 45,
        "img_name": "image_45",
        "width": 512,
        "height": 512,
        "position": [
            -1.4902554750442505,
            0.1227501928806305,
            1.4902554750442505
        ],
        "rotation": [
            [
                0.7071067690849304,
                0.041114602237939835,
                -0.7059104442596436
            ],
            [
                -0.0,
                0.9983081817626953,
                0.05814483016729355
            ],
            [
                0.7071067690849304,
                -0.041114602237939835,
                0.7059104442596436
            ]
        ],
        "fy": 0.8569566627292158,
        "fx": 0.8569566627292158
    },
    {
        "id": 46,
        "img_name": "image_46",
        "width": 512,
        "height": 512,
        "position": [
            -1.6471244096755981,
            0.13567127287387848,
            1.6471244096755981
        ],
        "rotation": [
            [
                0.7071067690849304,
                0.041114602237939835,
                -0.7059104442596436
            ],
            [
                -0.0,
                0.9983081817626953,
                0.05814483016729355
            ],
            [
                0.7071067690849304,
                -0.041114602237939835,
                0.7059104442596436
            ]
        ],
        "fy": 0.8569566627292158,
        "fx": 0.8569566627292158
    },
    {
        "id": 47,
        "img_name": "image_47",
        "width": 512,
        "height": 512,
        "position": [
            -1.8039934635162354,
            0.14859233796596527,
            1.8039934635162354
        ],
        "rotation": [
            [
                0.7071067690849304,
                0.041114602237939835,
                -0.7059104442596436
            ],
            [
                -0.0,
                0.9983081817626953,
                0.05814483016729355
            ],
            [
                0.7071067690849304,
                -0.041114602237939835,
                0.7059104442596436
            ]
        ],
        "fy": 0.8569566627292158,
        "fx": 0.8569566627292158
    },
    {
        "id": 48,
        "img_name": "image_48",
        "width": 512,
        "height": 512,
        "position": [
            -1.960862398147583,
            0.16151341795921326,
            1.960862398147583
        ],
        "rotation": [
            [
                0.7071067690849304,
                0.041114602237939835,
                -0.7059104442596436
            ],
            [
                -0.0,
                0.9983081817626953,
                0.05814483016729355
            ],
            [
                0.7071067690849304,
                -0.041114602237939835,
                0.7059104442596436
            ]
        ],
        "fy": 0.8569566627292158,
        "fx": 0.8569566627292158
    },
    {
        "id": 49,
        "img_name": "image_49",
        "width": 512,
        "height": 512,
        "position": [
            -2.1177313327789307,
            0.17443448305130005,
            2.1177313327789307
        ],
        "rotation": [
            [
                0.7071067690849304,
                0.041114602237939835,
                -0.7059104442596436
            ],
            [
                -0.0,
                0.9983081817626953,
                0.05814483016729355
            ],
            [
                0.7071067690849304,
                -0.041114602237939835,
                0.7059104442596436
            ]
        ],
        "fy": 0.8569566627292158,
        "fx": 0.8569566627292158
    },
    {
        "id": 50,
        "img_name": "image_50",
        "width": 512,
        "height": 512,
        "position": [
            -0.7059104442596436,
            -0.05814483016729355,
            0.7059104442596436
        ],
        "rotation": [
            [
                0.7071067690849304,
                -0.041114602237939835,
                -0.7059104442596436
            ],
            [
                -0.0,
                0.9983081817626953,
                -0.05814483016729355
            ],
            [
                0.7071067690849304,
                0.041114602237939835,
                0.7059104442596436
            ]
        ],
        "fy": 0.8569566627292158,
        "fx": 0.8569566627292158
    },
    {
        "id": 51,
        "img_name": "image_51",
        "width": 512,
        "height": 512,
        "position": [
            -0.862779438495636,
            -0.07106590270996094,
            0.862779438495636
        ],
        "rotation": [
            [
                0.7071067690849304,
                -0.041114602237939835,
                -0.7059104442596436
            ],
            [
                -0.0,
                0.9983081817626953,
                -0.05814483016729355
            ],
            [
                0.7071067690849304,
                0.041114602237939835,
                0.7059104442596436
            ]
        ],
        "fy": 0.8569566627292158,
        "fx": 0.8569566627292158
    },
    {
        "id": 52,
        "img_name": "image_52",
        "width": 512,
        "height": 512,
        "position": [
            -1.0196484327316284,
            -0.08398697525262833,
            1.0196484327316284
        ],
        "rotation": [
            [
                0.7071067690849304,
                -0.041114602237939835,
                -0.7059104442596436
            ],
            [
                -0.0,
                0.9983081817626953,
                -0.05814483016729355
            ],
            [
                0.7071067690849304,
                0.041114602237939835,
                0.7059104442596436
            ]
        ],
        "fy": 0.8569566627292158,
        "fx": 0.8569566627292158
    },
    {
        "id": 53,
        "img_name": "image_53",
        "width": 512,
        "height": 512,
        "position": [
            -1.1765174865722656,
            -0.09690804779529572,
            1.1765174865722656
        ],
        "rotation": [
            [
                0.7071067690849304,
                -0.041114602237939835,
                -0.7059104442596436
            ],
            [
                -0.0,
                0.9983081817626953,
                -0.05814483016729355
            ],
            [
                0.7071067690849304,
                0.041114602237939835,
                0.7059104442596436
            ]
        ],
        "fy": 0.8569566627292158,
        "fx": 0.8569566627292158
    },
    {
        "id": 54,
        "img_name": "image_54",
        "width": 512,
        "height": 512,
        "position": [
            -1.3333864212036133,
            -0.1098291203379631,
            1.3333864212036133
        ],
        "rotation": [
            [
                0.7071067690849304,
                -0.041114602237939835,
                -0.7059104442596436
            ],
            [
                -0.0,
                0.9983081817626953,
                -0.05814483016729355
            ],
            [
                0.7071067690849304,
