[
    {
        "id": 0,
        "image_name": "image_0.png",
        "width": 512,
        "height": 512,
        "position": [
            [
                1.0,
                0.0,
                0.0,
                0.0
            ],
            [
                0.0,
                0.8660253882408142,
                0.5,
                0.8999999761581421
            ],
            [
                0.0,
                -0.5,
                0.8660253882408142,
                1.5588457584381104
            ]
        ],
        "rotation": [
            [
                0.0,
                0.0,
                0.0,
                1.0
            ]
        ]
    },
    {
        "id": 1,
        "image_name": "image_1.png",
        "width": 512,
        "height": 512,
        "position": [
            [
                1.0,
                0.0,
                0.0,
                0.0
            ],
            [
                0.0,
                0.8660253882408142,
                0.5,
                1.0
            ],
            [
                0.0,
                -0.5,
                0.8660253882408142,
                1.7320507764816284
            ]
        ],
        "rotation": [
            [
                0.0,
                0.0,
                0.0,
                1.0
            ]
        ]
    },
    {
        "id": 2,
        "image_name": "image_2.png",
        "width": 512,
        "height": 512,
        "position": [
            [
                1.0,
                0.0,
                0.0,
                0.0
            ],
            [
                0.0,
                0.8660253882408142,
                0.5,
                1.100000023841858
            ],
            [
                0.0,
                -0.5,
                0.8660253882408142,
                1.905255913734436
            ]
        ],
        "rotation": [
            [
                0.0,
                0.0,
                0.0,
                1.0
            ]
        ]
    },
    {
        "id": 3,
        "image_name": "image_3.png",
        "width": 512,
        "height": 512,
        "position": [
            [
                1.0,
                0.0,
                0.0,
                0.0
            ],
            [
                0.0,
                1.0,
                0.0,
                0.0
            ],
            [
                0.0,
                0.0,
                1.0,
                1.7999999523162842
            ]
        ],
        "rotation": [
            [
                0.0,
                0.0,
                0.0,
                1.0
            ]
        ]
    },
    {
        "id": 4,
        "image_name": "image_4.png",
        "width": 512,
        "height": 512,
        "position": [
            [
                1.0,
                0.0,
                0.0,
                0.0
            ],
            [
                0.0,
                1.0,
                0.0,
                0.0
            ],
            [
                0.0,
                0.0,
                1.0,
                2.0
            ]
        ],
        "rotation": [
            [
                0.0,
                0.0,
                0.0,
                1.0
            ]
        ]
    },
    {
        "id": 5,
        "image_name": "image_5.png",
        "width": 512,
        "height": 512,
        "position": [
            [
                1.0,
                0.0,
                0.0,
                0.0
            ],
            [
                0.0,
                1.0,
                0.0,
                0.0
            ],
            [
                0.0,
                0.0,
                1.0,
                2.200000047683716
            ]
        ],
        "rotation": [
            [
                0.0,
                0.0,
                0.0,
                1.0
            ]
        ]
    },
    {
        "id": 6,
        "image_name": "image_6.png",
        "width": 512,
        "height": 512,
        "position": [
            [
                1.0,
                0.0,
                0.0,
                0.0
            ],
            [
                0.0,
                0.8660253882408142,
                -0.5,
                -0.8999999761581421
            ],
            [
                -0.0,
                0.5,
                0.8660253882408142,
                1.5588457584381104
            ]
        ],
        "rotation": [
            [
                0.0,
                0.0,
                0.0,
                1.0
            ]
        ]
    },
    {
        "id": 7,
        "image_name": "image_7.png",
        "width": 512,
        "height": 512,
        "position": [
            [
                1.0,
                0.0,
                0.0,
                0.0
            ],
            [
                0.0,
                0.8660253882408142,
                -0.5,
                -1.0
            ],
            [
                -0.0,
                0.5,
                0.8660253882408142,
                1.7320507764816284
            ]
        ],
        "rotation": [
            [
                0.0,
                0.0,
                0.0,
                1.0
            ]
        ]
    },
    {
        "id": 8,
        "image_name": "image_8.png",
        "width": 512,
        "height": 512,
        "position": [
            [
                1.0,
                0.0,
                0.0,
                0.0
            ],
            [
                0.0,
                0.8660253882408142,
                -0.5,
                -1.100000023841858
            ],
            [
                -0.0,
                0.5,
                0.8660253882408142,
                1.905255913734436
            ]
        ],
        "rotation": [
            [
                0.0,
                0.0,
                0.0,
                1.0
            ]
        ]
    },
    {
        "id": 9,
        "image_name": "image_9.png",
        "width": 512,
        "height": 512,
        "position": [
            [
                0.7071067690849304,
                -0.3535533845424652,
                0.6123724579811096,
                1.1022703647613525
            ],
            [
                0.0,
                0.8660253882408142,
                0.5,
                0.8999999761581421
            ],
            [
                -0.7071067690849304,
                -0.3535533845424652,
                0.6123724579811096,
                1.1022703647613525
            ]
        ],
        "rotation": [
            [
                0.0,
                0.0,
                0.0,
                1.0
            ]
        ]
    },
    {
        "id": 10,
        "image_name": "image_10.png",
        "width": 512,
        "height": 512,
        "position": [
            [
                0.7071067690849304,
                -0.3535533845424652,
                0.6123724579811096,
                1.2247449159622192
            ],
            [
                0.0,
                0.8660253882408142,
                0.5,
                1.0
            ],
            [
                -0.7071067690849304,
                -0.3535533845424652,
                0.6123724579811096,
                1.2247449159622192
            ]
        ],
        "rotation": [
            [
                0.0,
                0.0,
                0.0,
                1.0
            ]
        ]
    },
    {
        "id": 11,
        "image_name": "image_11.png",
        "width": 512,
        "height": 512,
        "position": [
            [
                0.7071067690849304,
                -0.3535533845424652,
                0.6123724579811096,
                1.3472193479537964
            ],
            [
                0.0,
                0.8660253882408142,
                0.5,
                1.100000023841858
            ],
            [
                -0.7071067690849304,
                -0.3535533845424652,
                0.6123724579811096,
                1.3472193479537964
            ]
        ],
        "rotation": [
            [
                0.0,
                0.0,
                0.0,
                1.0
            ]
        ]
    },
    {
        "id": 12,
        "image_name": "image_12.png",
        "width": 512,
        "height": 512,
        "position": [
            [
                0.7071067690849304,
                -0.0,
                0.7071067690849304,
                1.2727922201156616
            ],
            [
                0.0,
                1.0,
                0.0,
                0.0
            ],
            [
                -0.7071067690849304,
                0.0,
                0.7071067690849304,
                1.2727922201156616
            ]
        ],
        "rotation": [
            [
                0.0,
                0.0,
                0.0,
                1.0
            ]
        ]
    },
    {
        "id": 13,
        "image_name": "image_13.png",
        "width": 512,
        "height": 512,
        "position": [
            [
                0.7071067690849304,
                -0.0,
                0.7071067690849304,
                1.4142135381698608
            ],
            [
                0.0,
                1.0,
                0.0,
                0.0
            ],
            [
                -0.7071067690849304,
                0.0,
                0.7071067690849304,
                1.4142135381698608
            ]
        ],
        "rotation": [
            [
                0.0,
                0.0,
                0.0,
                1.0
            ]
        ]
    },
    {
        "id": 14,
        "image_name": "image_14.png",
        "width": 512,
        "height": 512,
        "position": [
            [
                0.7071067690849304,
                -0.0,
                0.7071067690849304,
                1.5556349754333496
            ],
            [
                0.0,
                1.0,
                0.0,
                0.0
            ],
            [
                -0.7071067690849304,
                0.0,
                0.7071067690849304,
                1.5556349754333496
            ]
        ],
        "rotation": [
            [
                0.0,
                0.0,
                0.0,
                1.0
            ]
        ]
    },
    {
        "id": 15,
        "image_name": "image_15.png",
        "width": 512,
        "height": 512,
        "position": [
            [
                0.7071067690849304,
                0.3535533845424652,
                0.6123724579811096,
                1.1022703647613525
            ],
            [
                0.0,
                0.8660253882408142,
                -0.5,
                -0.8999999761581421
            ],
            [
                -0.7071067690849304,
                0.3535533845424652,
                0.6123724579811096,
                1.1022703647613525
            ]
        ],
        "rotation": [
            [
                0.0,
                0.0,
                0.0,
                1.0
            ]
        ]
    },
    {
        "id": 16,
        "image_name": "image_16.png",
        "width": 512,
        "height": 512,
        "position": [
            [
                0.7071067690849304,
                0.3535533845424652,
                0.6123724579811096,
                1.2247449159622192
            ],
            [
                0.0,
                0.8660253882408142,
                -0.5,
                -1.0
            ],
            [
                -0.7071067690849304,
                0.3535533845424652,
                0.6123724579811096,
                1.2247449159622192
            ]
        ],
        "rotation": [
            [
                0.0,
                0.0,
                0.0,
                1.0
            ]
        ]
    },
    {
        "id": 17,
        "image_name": "image_17.png",
        "width": 512,
        "height": 512,
        "position": [
            [
                0.7071067690849304,
                0.3535533845424652,
                0.6123724579811096,
                1.3472193479537964
            ],
            [
                0.0,
                0.8660253882408142,
                -0.5,
                -1.100000023841858
            ],
            [
                -0.7071067690849304,
                0.3535533845424652,
                0.6123724579811096,
                1.3472193479537964
            ]
        ],
        "rotation": [
            [
                0.0,
                0.0,
                0.0,
                1.0
            ]
        ]
    },
    {
        "id": 18,
        "image_name": "image_18.png",
        "width": 512,
        "height": 512,
        "position": [
            [
                6.123234262925839e-17,
                -0.5,
                0.8660253882408142,
                1.5588457584381104
            ],
            [
                0.0,
                0.8660253882408142,
                0.5,
                0.8999999761581421
            ],
            [
                -1.0,
                -3.0616171314629196e-17,
                5.302876236065149e-17,
                9.545177224917268e-17
            ]
        ],
        "rotation": [
            [
                0.0,
                0.0,
                0.0,
                1.0
            ]
        ]
    },
    {
        "id": 19,
        "image_name": "image_19.png",
        "width": 512,
        "height": 512,
        "position": [
            [
                6.123234262925839e-17,
                -0.5,
                0.8660253882408142,
                1.7320507764816284
            ],
            [
                0.0,
                0.8660253882408142,
                0.5,
                1.0
            ],
            [
                -1.0,
                -3.0616171314629196e-17,
                5.302876236065149e-17,
                1.0605752472130298e-16
            ]
        ],
        "rotation": [
            [
                0.0,
                0.0,
                0.0,
                1.0
            ]
        ]
    },
    {
        "id": 20,
        "image_name": "image_20.png",
        "width": 512,
        "height": 512,
        "position": [
            [
                6.123234262925839e-17,
                -0.5,
                0.8660253882408142,
                1.905255913734436
            ],
            [
                0.0,
                0.8660253882408142,
                0.5,
                1.100000023841858
            ],
            [
                -1.0,
                -3.0616171314629196e-17,
                5.302876236065149e-17,
                1.1666327719343328e-16
            ]
        ],
        "rotation": [
            [
                0.0,
                0.0,
                0.0,
                1.0
            ]
        ]
    },
    {
        "id": 21,
        "image_name": "image_21.png",
        "width": 512,
        "height": 512,
        "position": [
            [
                6.123234262925839e-17,
                -0.0,
                1.0,
                1.7999999523162842
            ],
            [
                0.0,
                1.0,
                0.0,
                0.0
            ],
            [
                -1.0,
                0.0,
                6.123234262925839e-17,
                1.1021821011522021e-16
            ]
        ],
        "rotation": [
            [
                0.0,
                0.0,
                0.0,
                1.0
            ]
        ]
    },
    {
        "id": 22,
        "image_name": "image_22.png",
        "width": 512,
        "height": 512,
        "position": [
            [
                6.123234262925839e-17,
                -0.0,
                1.0,
                2.0
            ],
            [
                0.0,
                1.0,
                0.0,
                0.0
            ],
            [
                -1.0,
                0.0,
                6.123234262925839e-17,
                1.2246468525851679e-16
            ]
        ],
        "rotation": [
            [
                0.0,
                0.0,
                0.0,
                1.0
            ]
        ]
    },
    {
        "id": 23,
        "image_name": "image_23.png",
        "width": 512,
        "height": 512,
        "position": [
            [
                6.123234262925839e-17,
                -0.0,
                1.0,
                2.200000047683716
            ],
            [
                0.0,
                1.0,
                0.0,
                0.0
            ],
            [
                -1.0,
                0.0,
                6.123234262925839e-17,
                1.3471115378436846e-16
            ]
        ],
        "rotation": [
            [
                0.0,
                0.0,
                0.0,
                1.0
            ]
        ]
    },
    {
        "id": 24,
        "image_name": "image_24.png",
        "width": 512,
        "height": 512,
        "position": [
            [
                6.123234262925839e-17,
                0.5,
                0.8660253882408142,
                1.5588457584381104
            ],
            [
                0.0,
                0.8660253882408142,
                -0.5,
                -0.8999999761581421
            ],
            [
                -1.0,
                3.0616171314629196e-17,
                5.302876236065149e-17,
                9.545177224917268e-17
            ]
        ],
        "rotation": [
            [
                0.0,
                0.0,
                0.0,
                1.0
            ]
        ]
    },
    {
        "id": 25,
        "image_name": "image_25.png",
        "width": 512,
        "height": 512,
        "position": [
            [
                6.123234262925839e-17,
                0.5,
                0.8660253882408142,
                1.7320507764816284
            ],
            [
                0.0,
                0.8660253882408142,
                -0.5,
                -1.0
            ],
            [
                -1.0,
                3.0616171314629196e-17,
                5.302876236065149e-17,
                1.0605752472130298e-16
            ]
        ],
        "rotation": [
            [
                0.0,
                0.0,
                0.0,
                1.0
            ]
        ]
    },
    {
        "id": 26,
        "image_name": "image_26.png",
        "width": 512,
        "height": 512,
        "position": [
            [
                6.123234262925839e-17,
                0.5,
                0.8660253882408142,
                1.905255913734436
            ],
            [
                0.0,
                0.8660253882408142,
                -0.5,
                -1.100000023841858
            ],
            [
                -1.0,
                3.0616171314629196e-17,
                5.302876236065149e-17,
                1.1666327719343328e-16
            ]
        ],
        "rotation": [
            [
                0.0,
                0.0,
                0.0,
                1.0
            ]
        ]
    },
    {
        "id": 27,
        "image_name": "image_27.png",
        "width": 512,
        "height": 512,
        "position": [
            [
                -0.7071067690849304,
                -0.3535533845424652,
                0.6123724579811096,
                1.1022703647613525
            ],
            [
                0.0,
                0.8660253882408142,
                0.5,
                0.8999999761581421
            ],
            [
                -0.7071067690849304,
                0.3535533845424652,
                -0.6123724579811096,
                -1.1022703647613525
            ]
        ],
        "rotation": [
            [
                0.0,
                0.0,
                0.0,
                1.0
            ]
        ]
    },
    {
        "id": 28,
        "image_name": "image_28.png",
        "width": 512,
        "height": 512,
        "position": [
            [
                -0.7071067690849304,
                -0.3535533845424652,
                0.6123724579811096,
                1.2247449159622192
            ],
            [
                0.0,
                0.8660253882408142,
                0.5,
                1.0
            ],
            [
                -0.7071067690849304,
                0.3535533845424652,
                -0.6123724579811096,
                -1.2247449159622192
            ]
        ],
        "rotation": [
            [
                0.0,
                0.0,
                0.0,
                1.0
            ]
        ]
    },
    {
        "id": 29,
        "image_name": "image_29.png",
        "width": 512,
        "height": 512,
        "position": [
            [
                -0.7071067690849304,
                -0.3535533845424652,
                0.6123724579811096,
                1.3472193479537964
            ],
            [
                0.0,
                0.8660253882408142,
                0.5,
                1.100000023841858
            ],
            [
                -0.7071067690849304,
                0.3535533845424652,
                -0.6123724579811096,
                -1.3472193479537964
            ]
        ],
        "rotation": [
            [
                0.0,
                0.0,
                0.0,
                1.0
            ]
        ]
    },
    {
        "id": 30,
        "image_name": "image_30.png",
        "width": 512,
        "height": 512,
        "position": [
            [
                -0.7071067690849304,
                0.0,
                0.7071067690849304,
                1.2727922201156616
            ],
            [
                0.0,
                1.0,
                0.0,
                0.0
            ],
            [
                -0.7071067690849304,
                0.0,
                -0.7071067690849304,
                -1.2727922201156616
            ]
        ],
        "rotation": [
            [
                0.0,
                0.0,
                0.0,
                1.0
            ]
        ]
    },
    {
        "id": 31,
        "image_name": "image_31.png",
        "width": 512,
        "height": 512,
        "position": [
            [
                -0.7071067690849304,
                0.0,
                0.7071067690849304,
                1.4142135381698608
            ],
            [
                0.0,
                1.0,
                0.0,
                0.0
            ],
            [
                -0.7071067690849304,
                0.0,
                -0.7071067690849304,
                -1.4142135381698608
            ]
        ],
        "rotation": [
            [
                0.0,
                0.0,
                0.0,
                1.0
            ]
        ]
    },
    {
        "id": 32,
        "image_name": "image_32.png",
        "width": 512,
        "height": 512,
        "position": [
            [
                -0.7071067690849304,
                0.0,
                0.7071067690849304,
                1.5556349754333496
            ],
            [
                0.0,
                1.0,
                0.0,
                0.0
            ],
            [
                -0.7071067690849304,
                0.0,
                -0.7071067690849304,
                -1.5556349754333496
            ]
        ],
        "rotation": [
            [
                0.0,
                0.0,
                0.0,
                1.0
            ]
        ]
    },
    {
        "id": 33,
        "image_name": "image_33.png",
        "width": 512,
        "height": 512,
        "position": [
            [
                -0.7071067690849304,
                0.3535533845424652,
                0.6123724579811096,
                1.1022703647613525
            ],
            [
                0.0,
                0.8660253882408142,
                -0.5,
                -0.8999999761581421
            ],
            [
                -0.7071067690849304,
                -0.3535533845424652,
                -0.6123724579811096,
                -1.1022703647613525
            ]
        ],
        "rotation": [
            [
                0.0,
                0.0,
                0.0,
                1.0
            ]
        ]
    },
    {
        "id": 34,
        "image_name": "image_34.png",
        "width": 512,
        "height": 512,
        "position": [
            [
                -0.7071067690849304,
                0.3535533845424652,
                0.6123724579811096,
                1.2247449159622192
            ],
            [
                0.0,
                0.8660253882408142,
                -0.5,
                -1.0
            ],
            [
                -0.7071067690849304,
                -0.3535533845424652,
                -0.6123724579811096,
                -1.2247449159622192
            ]
        ],
        "rotation": [
            [
                0.0,
                0.0,
                0.0,
                1.0
            ]
        ]
    },
    {
        "id": 35,
        "image_name": "image_35.png",
        "width": 512,
        "height": 512,
        "position": [
            [
                -0.7071067690849304,
                0.3535533845424652,
                0.6123724579811096,
                1.3472193479537964
            ],
            [
                0.0,
                0.8660253882408142,
                -0.5,
                -1.100000023841858
            ],
            [
                -0.7071067690849304,
                -0.3535533845424652,
                -0.6123724579811096,
                -1.3472193479537964
            ]
        ],
        "rotation": [
            [
                0.0,
                0.0,
                0.0,
                1.0
            ]
        ]
    },
    {
        "id": 36,
        "image_name": "image_36.png",
        "width": 512,
        "height": 512,
        "position": [
            [
                -1.0,
                -6.123234262925839e-17,
                1.0605752472130298e-16,
                1.9090354449834536e-16
            ],
            [
                0.0,
                0.8660253882408142,
                0.5,
                0.8999999761581421
            ],
            [
                -1.2246468525851679e-16,
                0.5,
                -0.8660253882408142,
                -1.5588457584381104
            ]
        ],
        "rotation": [
            [
                0.0,
                0.0,
                0.0,
                1.0
            ]
        ]
    },
    {
        "id": 37,
        "image_name": "image_37.png",
        "width": 512,
        "height": 512,
        "position": [
            [
                -1.0,
                -6.123234262925839e-17,
                1.0605752472130298e-16,
                2.1211504944260596e-16
            ],
            [
                0.0,
                0.8660253882408142,
                0.5,
                1.0
            ],
            [
                -1.2246468525851679e-16,
                0.5,
                -0.8660253882408142,
                -1.7320507764816284
            ]
        ],
        "rotation": [
            [
                0.0,
                0.0,
                0.0,
                1.0
            ]
        ]
    },
    {
        "id": 38,
        "image_name": "image_38.png",
        "width": 512,
        "height": 512,
        "position": [
            [
                -1.0,
                -6.123234262925839e-17,
                1.0605752472130298e-16,
                2.3332655438686655e-16
            ],
            [
                0.0,
                0.8660253882408142,
                0.5,
                1.100000023841858
            ],
            [
                -1.2246468525851679e-16,
                0.5,
                -0.8660253882408142,
                -1.905255913734436
            ]
        ],
        "rotation": [
            [
                0.0,
                0.0,
                0.0,
                1.0
            ]
        ]
    },
    {
        "id": 39,
        "image_name": "image_39.png",
        "width": 512,
        "height": 512,
        "position": [
            [
                -1.0,
                0.0,
                1.2246468525851679e-16,
                2.2043642023044041e-16
            ],
            [
                0.0,
                1.0,
                0.0,
                0.0
            ],
            [
                -1.2246468525851679e-16,
                0.0,
                -1.0,
                -1.7999999523162842
            ]
        ],
        "rotation": [
            [
                0.0,
                0.0,
                0.0,
                1.0
            ]
        ]
    },
    {
        "id": 40,
        "image_name": "image_40.png",
        "width": 512,
        "height": 512,
        "position": [
            [
                -1.0,
                0.0,
                1.2246468525851679e-16,
                2.4492937051703357e-16
            ],
            [
                0.0,
                1.0,
                0.0,
                0.0
            ],
            [
                -1.2246468525851679e-16,
                0.0,
                -1.0,
                -2.0
            ]
        ],
        "rotation": [
            [
                0.0,
                0.0,
                0.0,
                1.0
            ]
        ]
    },
    {
        "id": 41,
        "image_name": "image_41.png",
        "width": 512,
        "height": 512,
        "position": [
            [
                -1.0,
                0.0,
                1.2246468525851679e-16,
                2.6942230756873693e-16
            ],
            [
                0.0,
                1.0,
                0.0,
                0.0
            ],
            [
                -1.2246468525851679e-16,
                0.0,
                -1.0,
                -2.200000047683716
            ]
        ],
        "rotation": [
            [
                0.0,
                0.0,
                0.0,
                1.0
            ]
        ]
    },
    {
        "id": 42,
        "image_name": "image_42.png",
        "width": 512,
        "height": 512,
        "position": [
            [
                -1.0,
                6.123234262925839e-17,
                1.0605752472130298e-16,
                1.9090354449834536e-16
            ],
            [
                0.0,
                0.8660253882408142,
                -0.5,
                -0.8999999761581421
            ],
            [
                -1.2246468525851679e-16,
                -0.5,
                -0.8660253882408142,
                -1.5588457584381104
            ]
        ],
        "rotation": [
            [
                0.0,
                0.0,
                0.0,
                1.0
            ]
        ]
    },
    {
        "id": 43,
        "image_name": "image_43.png",
        "width": 512,
        "height": 512,
        "position": [
            [
                -1.0,
                6.123234262925839e-17,
                1.0605752472130298e-16,
                2.1211504944260596e-16
            ],
            [
                0.0,
                0.8660253882408142,
                -0.5,
                -1.0
            ],
            [
                -1.2246468525851679e-16,
                -0.5,
                -0.8660253882408142,
                -1.7320507764816284
            ]
        ],
        "rotation": [
            [
                0.0,
                0.0,
                0.0,
                1.0
            ]
        ]
    },
    {
        "id": 44,
        "image_name": "image_44.png",
        "width": 512,
        "height": 512,
        "position": [
            [
                -1.0,
                6.123234262925839e-17,
                1.0605752472130298e-16,
                2.3332655438686655e-16
            ],
            [
                0.0,
                0.8660253882408142,
                -0.5,
                -1.100000023841858
            ],
            [
                -1.2246468525851679e-16,
                -0.5,
                -0.8660253882408142,
                -1.905255913734436
            ]
        ],
        "rotation": [
            [
                0.0,
                0.0,
                0.0,
                1.0
            ]
        ]
    },
    {
        "id": 45,
        "image_name": "image_45.png",
        "width": 512,
        "height": 512,
        "position": [
            [
                -0.7071067690849304,
                0.3535533845424652,
                -0.6123724579811096,
                -1.1022703647613525
            ],
            [
                0.0,
                0.8660253882408142,
                0.5,
                0.8999999761581421
            ],
            [
                0.7071067690849304,
                0.3535533845424652,
                -0.6123724579811096,
                -1.1022703647613525
            ]
        ],
        "rotation": [
            [
                0.0,
                0.0,
                0.0,
                1.0
            ]
        ]
    },
    {
        "id": 46,
        "image_name": "image_46.png",
        "width": 512,
        "height": 512,
        "position": [
            [
                -0.7071067690849304,
                0.3535533845424652,
                -0.6123724579811096,
                -1.2247449159622192
            ],
            [
                0.0,
                0.8660253882408142,
                0.5,
                1.0
            ],
            [
                0.7071067690849304,
                0.3535533845424652,
                -0.6123724579811096,
                -1.2247449159622192
            ]
        ],
        "rotation": [
            [
                0.0,
                0.0,
                0.0,
                1.0
            ]
        ]
    },
    {
        "id": 47,
        "image_name": "image_47.png",
        "width": 512,
        "height": 512,
        "position": [
            [
                -0.7071067690849304,
                0.3535533845424652,
                -0.6123724579811096,
                -1.3472193479537964
            ],
            [
                0.0,
                0.8660253882408142,
                0.5,
                1.100000023841858
            ],
            [
                0.7071067690849304,
                0.3535533845424652,
                -0.6123724579811096,
                -1.3472193479537964
            ]
        ],
        "rotation": [
            [
                0.0,
                0.0,
                0.0,
                1.0
            ]
        ]
    },
    {
        "id": 48,
        "image_name": "image_48.png",
        "width": 512,
        "height": 512,
        "position": [
            [
                -0.7071067690849304,
                0.0,
                -0.7071067690849304,
                -1.2727922201156616
            ],
            [
                0.0,
                1.0,
                0.0,
                0.0
            ],
            [
                0.7071067690849304,
                0.0,
                -0.7071067690849304,
                -1.2727922201156616
            ]
        ],
        "rotation": [
            [
                0.0,
                0.0,
                0.0,
                1.0
            ]
        ]
    },
    {
        "id": 49,
        "image_name": "image_49.png",
        "width": 512,
        "height": 512,
        "position": [
            [
                -0.7071067690849304,
                0.0,
                -0.7071067690849304,
                -1.4142135381698608
            ],
            [
                0.0,
                1.0,
                0.0,
                0.0
            ],
            [
                0.7071067690849304,
                0.0,
                -0.7071067690849304,
                -1.4142135381698608
            ]
        ],
        "rotation": [
            [
                0.0,
                0.0,
                0.0,
                1.0
            ]
        ]
    },
    {
        "id": 50,
        "image_name": "image_50.png",
        "width": 512,
        "height": 512,
        "position": [
            [
                -0.7071067690849304,
                0.0,
                -0.7071067690849304,
                -1.5556349754333496
            ],
            [
                0.0,
                1.0,
                0.0,
                0.0
            ],
            [
                0.7071067690849304,
                0.0,
                -0.7071067690849304,
                -1.5556349754333496
            ]
        ],
        "rotation": [
            [
                0.0,
                0.0,
                0.0,
                1.0
            ]
        ]
    },
    {
        "id": 51,
        "image_name": "image_51.png",
        "width": 512,
        "height": 512,
        "position": [
            [
                -0.7071067690849304,
                -0.3535533845424652,
                -0.6123724579811096,
                -1.1022703647613525
            ],
            [
                0.0,
                0.8660253882408142,
                -0.5,
                -0.8999999761581421
            ],
            [
                0.7071067690849304,
                -0.3535533845424652,
                -0.6123724579811096,
                -1.1022703647613525
            ]
        ],
        "rotation": [
            [
                0.0,
                0.0,
                0.0,
                1.0
            ]
        ]
    },
    {
        "id": 52,
        "image_name": "image_52.png",
        "width": 512,
        "height": 512,
        "position": [
            [
                -0.7071067690849304,
                -0.3535533845424652,
                -0.6123724579811096,
                -1.2247449159622192
            ],
            [
                0.0,
                0.8660253882408142,
                -0.5,
                -1.0
            ],
            [
                0.7071067690849304,
                -0.3535533845424652,
                -0.6123724579811096,
                -1.2247449159622192
            ]
        ],
        "rotation": [
            [
                0.0,
                0.0,
                0.0,
                1.0
            ]
        ]
    },
    {
        "id": 53,
        "image_name": "image_53.png",
        "width": 512,
        "height": 512,
        "position": [
            [
                -0.7071067690849304,
                -0.3535533845424652,
                -0.6123724579811096,
                -1.3472193479537964
            ],
            [
                0.0,
                0.8660253882408142,
                -0.5,
                -1.100000023841858
            ],
            [
                0.7071067690849304,
                -0.3535533845424652,
                -0.6123724579811096,
                -1.3472193479537964
            ]
        ],
        "rotation": [
            [
                0.0,
                0.0,
                0.0,
                1.0
            ]
        ]
    },
    {
        "id": 54,
        "image_name": "image_54.png",
        "width": 512,
        "height": 512,
        "position": [
            [
                -1.8369701465288538e-16,
                0.5,
                -0.8660253882408142,
                -1.5588457584381104
            ],
            [
                0.0,
