[{"id": 0, "img_name": "DSC07956", "width": 1079, "height": 1078, "position": [0.36880449290947726, 2.9930576436714498, -3.2332947108153998], "rotation": [[0.9994981838402673, -0.023077542170544793, -0.0216981000867294], [0.01587095652944525, 0.9576597014232743, -0.2874647961207173], [0.02741337700553251, 0.28697617203742165, 0.9575453949781706]], "fy": 1237.4402283064671, "fx": 800.2221217412439}, {"id": 1, "img_name": "DSC07957", "width": 1079, "height": 1078, "position": [-0.4220838312808028, 2.928055303484734, -3.1434984683424347], "rotation": [[0.9834495970686644, -0.03820768095108595, 0.17710749036057552], [0.08604594777166683, 0.9587342052614752, -0.2709701432514712], [-0.15944586823607848, 0.28172486006383474, 0.9461543839799379]], "fy": 1237.4402283064671, "fx": 800.2221217412439}, {"id": 2, "img_name": "DSC07958", "width": 1079, "height": 1078, "position": [-1.1556445378211002, 2.8129339813118692, -2.942324361874976], "rotation": [[0.9451562678680031, -0.06916444819709555, 0.31921138515945635], [0.15830999294278222, 0.9518569438293372, -0.2625001040348944], [-0.28568789866615596, 0.2986379707764326, 0.9106029798799532]], "fy": 1237.4402283064671, "fx": 800.2221217412439}, {"id": 3, "img_name": "DSC07959", "width": 1079, "height": 1078, "position": [-1.84487503564188, 2.574657497897913, -2.576727554072975], "rotation": [[0.8709407223812043, -0.09732567985293047, 0.4816533713566958], [0.2263176280873086, 0.9494884047923186, -0.21737548247645805], [-0.4361680746169312, 0.2983278083017122, 0.8489746341786993]], "fy": 1237.4402283064671, "fx": 800.2221217412439}, {"id": 4, "img_name": "DSC07960", "width": 1079, "height": 1078, "position": [-2.386632702524253, 2.3923876416638885, -2.2214931736917647], "rotation": [[0.7649684682811874, -0.1271466532908958, 0.6313928817245715], [0.305883489982252, 0.9344284072528624, -0.18242489488870806], [-0.5667967299586436, 0.33268195063123485, 0.7537003294628343]], "fy": 1237.4402283064671, "fx": 800.2221217412439}, {"id": 5, "img_name": "DSC07961", "width": 1079, "height": 1078, "position": [-2.9413698530188603, 2.0564919667991624, -1.6223907631408832], "rotation": [[0.6504641886155685, -0.13531870096026544, 0.7473855688325245], [0.34558819076677905, 0.9289738815466411, -0.13257575120176202], [-0.676361694458841, 0.34452340497358575, 0.6510287871470601]], "fy": 1237.4402283064671, "fx": 800.2221217412439}, {"id": 6, "img_name": "DSC07962", "width": 1079, "height": 1078, "position": [-3.4162098406656396, 1.7416911921325253, -1.051973978694806], "rotation": [[0.48499069880270124, -0.15742757428808613, 0.8602328643621079], [0.4003457175625448, 0.9145044719073065, -0.05835132638483285], [-0.7775006935715225, 0.372690393913376, 0.5065516180810145]], "fy": 1237.4402283064671, "fx": 800.2221217412439}, {"id": 7, "img_name": "DSC07963", "width": 1079, "height": 1078, "position": [-3.674450146023933, 1.3367051056367494, -0.30707609807059033], "rotation": [[0.2985264359388888, -0.16473934597541248, 0.9400760155079044], [0.4476906064893961, 0.8940707805587492, 0.014510693030505523], [-0.8428849790492065, 0.41653137605546864, 0.3406560213097027]], "fy": 1237.4402283064671, "fx": 800.2221217412439}, {"id": 8, "img_name": "DSC07964", "width": 1079, "height": 1078, "position": [-3.7714131595642506, 1.000102284278631, 0.3821608416430793], "rotation": [[0.12041950521141345, -0.1822290418916155, 0.9758543534031613], [0.4645087535871769, 0.8790998470760307, 0.10684136236395755], [-0.8773430119431768, 0.4404271053899419, 0.1905077537327846]], "fy": 1237.4402283064671, "fx": 800.2221217412439}, {"id": 9, "img_name": "DSC07965", "width": 1079, "height": 1078, "position": [-3.770317613936667, 0.6335649066861233, 1.0345133120571675], "rotation": [[-0.05603741362026951, -0.17596537553656444, 0.9828000787988501], [0.4600040214657547, 0.869098320437258, 0.1818362165479433], [-0.8861467759406924, 0.4622816198221739, 0.03224275832652724]], "fy": 1237.4402283064671, "fx": 800.2221217412439}, {"id": 10, "img_name": "DSC07966", "width": 1079, "height": 1078, "position": [-3.582978314487796, 0.34499887079109637, 1.5677866752701128], "rotation": [[-0.20174904183585957, -0.16642114067627498, 0.965194968933386], [0.4522989087335393, 0.8582585057470838, 0.24252429666165917], [-0.8687479618835156, 0.48548567563707834, -0.0978807308638807]], "fy": 1237.4402283064671, "fx": 800.2221217412439}, {"id": 11, "img_name": "DSC07967", "width": 1079, "height": 1078, "position": [-3.4463549327691476, -0.023557284609870152, 2.2027850297203524], "rotation": [[-0.4212398889310257, -0.1639396528517524, 0.8920093868319007], [0.4271524744005255, 0.8317524029927051, 0.35458243573162107], [-0.8000610724106534, 0.5303882826182227, -0.28034006148677154]], "fy": 1237.4402283064671, "fx": 800.2221217412439}, {"id": 12, "img_name": "DSC07968", "width": 1079, "height": 1078, "position": [-3.125189308875164, -0.3461798857297411, 2.8089861028065077], "rotation": [[-0.5871836622613524, -0.14471566518548637, 0.7964124076276485], [0.3806650126462719, 0.8189336319961107, 0.42946694230484406], [-0.7143594997760998, 0.55534231122397, -0.42577625866651997]], "fy": 1237.4402283064671, "fx": 800.2221217412439}, {"id": 13, "img_name": "DSC07969", "width": 1079, "height": 1078, "position": [-2.545226204719868, -0.5358377733595736, 3.2107691709796558], "rotation": [[-0.7157780363925378, -0.1436470029811211, 0.6833939867694068], [0.3225111384181324, 0.7999999847690299, 0.5059511734997679], [-0.6193935487347947, 0.5825509101392718, -0.5262946597502419]], "fy": 1237.4402283064671, "fx": 800.2221217412439}, {"id": 14, "img_name": "DSC07970", "width": 1079, "height": 1078, "position": [-1.828368168140959, -0.6951301909377379, 3.5428408153810134], "rotation": [[-0.8462205090169957, -0.12360622248995612, 0.5182975514902419], [0.24237188419444788, 0.7769676270354543, 0.5810139209097561], [-0.47451735465739253, 0.6172866500262733, -0.6275272677966206]], "fy": 1237.4402283064671, "fx": 800.2221217412439}, {"id": 15, "img_name": "DSC07971", "width": 1079, "height": 1078, "position": [-1.2432452063888386, -0.8192252815829577, 3.7230855296436496], "rotation": [[-0.9229431850162629, -0.06631616715890266, 0.3791807526831862], [0.18251707280562574, 0.7918893899879742, 0.5827509864075221], [-0.3389150267640858, 0.6070530125102968, -0.7187650830665548]], "fy": 1237.4402283064671, "fx": 800.2221217412439}, {"id": 16, "img_name": "DSC07972", "width": 1079, "height": 1078, "position": [-0.5487658780289835, -0.9428701717975077, 3.9425516784611996], "rotation": [[-0.9668697275503403, -0.05924867894580436, 0.24829926296690352], [0.11062490473997813, 0.7793560688895481, 0.6167383953803275], [-0.23005447267549764, 0.6237737666239317, -0.7469814105275923]], "fy": 1237.4402283064671, "fx": 800.2221217412439}, {"id": 17, "img_name": "DSC07973", "width": 1079, "height": 1078, "position": [0.1430651635771159, -1.0191578770336642, 4.097080802965354], "rotation": [[-0.9982674428538454, -0.02258226050852043, 0.05433372846004042], [0.017198047956897583, 0.7711112443374769, 0.6364681264625748], [-0.056270237999464144, 0.6362998431295054, -0.7693868792414191]], "fy": 1237.4402283064671, "fx": 800.2221217412439}, {"id": 18, "img_name": "DSC07974", "width": 1079, "height": 1078, "position": [0.8153317940689224, -1.0022422478257913, 4.080851031259988], "rotation": [[-0.9916883582636404, 0.014715626958008515, -0.1278188186754919], [-0.06873507745743888, 0.7792017207313056, 0.6229929113050102], [0.10876437473403425, 0.6266004538241297, -0.7717137954294384]], "fy": 1237.4402283064671, "fx": 800.2221217412439}, {"id": 19, "img_name": "DSC07975", "width": 1079, "height": 1078, "position": [1.4507604625499844, -0.8876803072777603, 3.8919579591988493], "rotation": [[-0.9522674928573301, 0.041793666446463956, -0.30239032969355395], [-0.14889193182555222, 0.8011750195603166, 0.5796117499410973], [0.2664916784525732, 0.5969689083004976, -0.7567101874813383]], "fy": 1237.4402283064671, "fx": 800.2221217412439}, {"id": 20, "img_name": "DSC07976", "width": 1079, "height": 1078, "position": [2.0439578585615563, -0.6560075272549629, 3.4937469911811982], "rotation": [[-0.8834637698312022, 0.0753159524126433, -0.4624059630971645], [-0.23443860109222356, 0.7834615940392475, 0.5755227823322047], [0.4056233594278824, 0.6168593340281537, -0.674502966864328]], "fy": 1237.4402283064671, "fx": 800.2221217412439}, {"id": 21, "img_name": "DSC07977", "width": 1079, "height": 1078, "position": [2.841954733443102, -0.4292734683443005, 3.1272601892352645], "rotation": [[-0.7550133307028257, 0.12571687600965367, -0.6435449770974817], [-0.31137033005998144, 0.794995785106716, 0.520605627342708], [0.5770644574216671, 0.5934450006099382, -0.5610879104308937]], "fy": 1237.4402283064671, "fx": 800.2221217412439}, {"id": 22, "img_name": "DSC07978", "width": 1079, "height": 1078, "position": [3.2372979911850233, -0.13823738980262082, 2.5738074516103753], "rotation": [[-0.5800923130799702, 0.1631474486730608, -0.7980449976642924], [-0.38516339181193265, 0.8083461340675445, 0.44522543631960515], [0.7177339826937671, 0.5656495713156037, -0.40607695398411436]], "fy": 1237.4402283064671, "fx": 800.2221217412439}, {"id": 23, "img_name": "DSC07979", "width": 1079, "height": 1078, "position": [3.6194334833598956, 0.27135965109275173, 1.8734548076242117], "rotation": [[-0.39346732273391, 0.16540633499085913, -0.9043363369264229], [-0.44225564418840974, 0.8283270395995713, 0.34392478923698555], [0.8059735796687779, 0.5352710152932829, -0.25276773738512237]], "fy": 1237.4402283064671, "fx": 800.2221217412439}, {"id": 24, "img_name": "DSC07980", "width": 1079, "height": 1078, "position": [3.694146049880415, 0.4855220696294101, 1.318916433995314], "rotation": [[-0.2232348139310286, 0.22778729386888452, -0.9477759052650946], [-0.47150882021390267, 0.8257587407888046, 0.309518875791738], [0.8531387051996133, 0.5159800875642182, -0.07693438066007395]], "fy": 1237.4402283064671, "fx": 800.2221217412439}, {"id": 25, "img_name": "DSC07981", "width": 1079, "height": 1078, "position": [3.573749029614639, 0.8548631373384125, 0.6674491639024464], "rotation": [[-0.03449834011359862, 0.24084538884799228, -0.9699501859374355], [-0.478670738783811, 0.847985327297857, 0.22758560701350763], [0.8773164699021482, 0.47213809776187887, 0.08603155398007996]], "fy": 1237.4402283064671, "fx": 800.2221217412439}, {"id": 26, "img_name": "DSC07982", "width": 1079, "height": 1078, "position": [3.5205490589279314, 1.1989875126749092, -0.018635785152662253], "rotation": [[0.2404305133082018, 0.24718274493732414, -0.9386659996375729], [-0.45635599200524246, 0.8822767717189598, 0.11544222211167626], [0.8566985332258165, 0.40061002070644747, 0.32492958387674403]], "fy": 1237.4402283064671, "fx": 800.2221217412439}, {"id": 27, "img_name": "DSC07983", "width": 1079, "height": 1078, "position": [3.3677307915624324, 1.5724983024901589, -0.689293405057449], "rotation": [[0.45783967144846394, 0.18774534018703817, -0.8689847653935111], [-0.4225301921568046, 0.9059499987230876, -0.02688561938233175], [0.782209097341559, 0.3794816030477513, 0.4941079244298886]], "fy": 1237.4402283064671, "fx": 800.2221217412439}, {"id": 28, "img_name": "DSC07984", "width": 1079, "height": 1078, "position": [3.112001392982703, 1.949996615873414, -1.3462113753069038], "rotation": [[0.6468104305094248, 0.15161277665492556, -0.747428814629993], [-0.37134680921337876, 0.9186250156875913, -0.13501713906025115], [0.6661364832159058, 0.36488579926869774, 0.6504771627204051]], "fy": 1237.4402283064671, "fx": 800.2221217412439}, {"id": 29, "img_name": "DSC07985", "width": 1079, "height": 1078, "position": [2.7422871361199226, 2.2486403125654277, -1.9386714003987218], "rotation": [[0.7821759033009166, 0.11307723991070406, -0.6127106936471503], [-0.300921688044708, 0.9296532506065028, -0.21258168148052284], [0.5455703382330443, 0.35065420495260013, 0.7611797649631402]], "fy": 1237.4402283064671, "fx": 800.2221217412439}, {"id": 30, "img_name": "DSC07986", "width": 1079, "height": 1078, "position": [2.384743215064927, 2.5355198859733803, -2.495148029067019], "rotation": [[0.8736594597087183, 0.07656047516135583, -0.48047647403857147], [-0.23071542090400923, 0.9346409302810438, -0.2705858939421474], [0.42835679406139515, 0.3472532578485803, 0.8342215724224534]], "fy": 1237.4402283064671, "fx": 800.2221217412439}, {"id": 31, "img_name": "DSC07987", "width": 1079, "height": 1078, "position": [1.8927955382710127, 2.7707428090429524, -2.959368660658314], "rotation": [[0.9353471542727272, 0.047423184193586564, -0.3505377905374142], [-0.17025002029832556, 0.9289977054557506, -0.32860035582203856], [0.31006552788455966, 0.3670344736654743, 0.877009158195499]], "fy": 1237.4402283064671, "fx": 800.2221217412439}, {"id": 32, "img_name": "DSC07988", "width": 1079, "height": 1078, "position": [0.9719193127431112, 2.9286172698923623, -3.279358682793164], "rotation": [[0.9926442390593979, 0.022416459531732297, -0.11897443844898338], [-0.062112110375623635, 0.9378183401105087, -0.3415242988383939], [0.10392064475779135, 0.34640188119355303, 0.9323123062036094]], "fy": 1237.4402283064671, "fx": 800.2221217412439}, {"id": 33, "img_name": "DSC07989", "width": 1079, "height": 1078, "position": [0.10048251003685141, 2.5705804198471287, -3.5910265189455832], "rotation": [[0.9993149197229523, -0.020685290325310975, 0.030688922810470885], [0.026175108715008888, 0.9812531138991507, -0.19093766036845033], [-0.02616400013122822, 0.19161013863409684, 0.9811223164670932]], "fy": 1237.4402283064671, "fx": 800.2221217412439}, {"id": 34, "img_name": "DSC07990", "width": 1079, "height": 1078, "position": [-0.7030147772325046, 2.5010264160282327, -3.415073426067063], "rotation": [[0.968092237833494, -0.08383702386713847, 0.2361541286440668], [0.12576558137738786, 0.9776472165345815, -0.1684901734315468], [-0.21674971185066247, 0.19281409033389116, 0.9569964937142501]], "fy": 1237.4402283064671, "fx": 800.2221217412439}, {"id": 35, "img_name": "DSC07991", "width": 1079, "height": 1078, "position": [-1.2944541956769862, 2.393071716100519, -3.2205802126193417], "rotation": [[0.9289528882547418, -0.08957802969518044, 0.35919675388163297], [0.1589470191515005, 0.9728079977282695, -0.1684649656717024], [-0.334338715236548, 0.2135892697488446, 0.9179309600085018]], "fy": 1237.4402283064671, "fx": 800.2221217412439}, {"id": 36, "img_name": "DSC07992", "width": 1079, "height": 1078, "position": [-1.8739964058455871, 2.1618346575049956, -2.848884999319925], "rotation": [[0.8645764234565672, -0.13985952419016073, 0.4826457515573432], [0.23513598651110806, 0.961444739663787, -0.14260112348884543], [-0.44409309367575023, 0.23677695425470527, 0.8641284615630749]], "fy": 1237.4402283064671, "fx": 800.2221217412439}, {"id": 37, "img_name": "DSC07993", "width": 1079, "height": 1078, "position": [-2.3254045231888423, 1.9497562193469316, -2.445794768746255], "rotation": [[0.7852644369701762, -0.1739979449200584, 0.5942091207592731], [0.2794333151247152, 0.955999610973745, -0.08934073100473178], [-0.552518584690437, 0.23619792332204056, 0.799333318828905]], "fy": 1237.4402283064671, "fx": 800.2221217412439}, {"id": 38, "img_name": "DSC07994", "width": 1079, "height": 1078, "position": [-2.7246414070777742, 1.7133264249865052, -2.006552458105527], "rotation": [[0.6804979400897456, -0.20709670329170948, 0.7028751731419445], [0.3413324507783722, 0.9383915892892019, -0.05397576490348401], [-0.6483939478274321, 0.2766445022714019, 0.709262368791525]], "fy": 1237.4402283064671, "fx": 800.2221217412439}, {"id": 39, "img_name": "DSC07995", "width": 1079, "height": 1078, "position": [-3.0962234617477677, 1.4362673106940893, -1.504076875527294], "rotation": [[0.5449125230897929, -0.2365730057981162, 0.8044274703834774], [0.3924864060162728, 0.9197462028807956, 0.004619889477879343], [-0.7409620525184439, 0.3132094111197857, 0.5940329128202002]], "fy": 1237.4402283064671, "fx": 800.2221217412439}, {"id": 40, "img_name": "DSC07996", "width": 1079, "height": 1078, "position": [-3.3016166807324594, 1.1218706704505221, -0.8717206994320407], "rotation": [[0.37933319803461996, -0.2882383881800225, 0.8792183781337891], [0.4332268224309632, 0.8949717408696364, 0.10648992145336147], [-0.8175700858001096, 0.3405058217184475, 0.46436509362854395]], "fy": 1237.4402283064671, "fx": 800.2221217412439}, {"id": 41, "img_name": "DSC07997", "width": 1079, "height": 1078, "position": [-3.557093588409922, 0.8295246909114263, -0.3521014292929178], "rotation": [[0.13873932826457622, -0.2763420877922821, 0.9509923497627606], [0.42501055514024244, 0.88396564124755, 0.19486090709321505], [-0.8944928321747899, 0.3771469151516559, 0.240089103416862]], "fy": 1237.4402283064671, "fx": 800.2221217412439}, {"id": 42, "img_name": "DSC07998", "width": 1079, "height": 1078, "position": [-3.5569873681012765, 0.5398050905257087, 0.2384455927098934], "rotation": [[0.07355283904369633, -0.3288657412691571, 0.9415079947021691], [0.47782236804026174, 0.8402734812349271, 0.2561762310085253], [-0.8753717864250641, 0.43103109047123783, 0.21894390737850364]], "fy": 1237.4402283064671, "fx": 800.2221217412439}, {"id": 43, "img_name": "DSC07999", "width": 1079, "height": 1078, "position": [-3.5674601367721173, 0.22848856825442093, 0.7732054089425099], "rotation": [[-0.08799906912288608, -0.32715953924718705, 0.9408627953708626], [0.4713489288212129, 0.8184177264506141, 0.32866793626775176], [-0.877545640484072, 0.4723971432078904, 0.08218630029648032]], "fy": 1237.4402283064671, "fx": 800.2221217412439}, {"id": 44, "img_name": "DSC08000", "width": 1079, "height": 1078, "position": [-3.371259379623106, -0.07500269381942316, 1.3373681614331923], "rotation": [[-0.29574881623029076, -0.344164764594716, 0.8911134902524172], [0.44679243296009474, 0.7746845587128414, 0.4474822413699673], [-0.844339481220664, 0.5304851075226844, -0.07534182867879641]], "fy": 1237.4402283064671, "fx": 800.2221217412439}, {"id": 45, "img_name": "DSC08001", "width": 1079, "height": 1078, "position": [-3.1603936737685867, -0.3340590447458793, 1.7964400719079434], "rotation": [[-0.42737034782848626, -0.3292673016817129, 0.8419843406145994], [0.4085531382610799, 0.7604623751745685, 0.5047586642751927], [-0.8064979349099294, 0.5597142306455121, -0.19047588036001048]], "fy": 1237.4402283064671, "fx": 800.2221217412439}, {"id": 46, "img_name": "DSC08002", "width": 1079, "height": 1078, "position": [-2.773967840946445, -0.5589925393643022, 2.2251802484186722], "rotation": [[-0.5518053092486871, -0.3168646180978159, 0.7714322487961505], [0.369698774701571, 0.7362136840142391, 0.5668440944866047], [-0.7475518153741033, 0.5979851379991873, -0.28910215852354876]], "fy": 1237.4402283064671, "fx": 800.2221217412439}, {"id": 47, "img_name": "DSC08003", "width": 1079, "height": 1078, "position": [-2.3134301670742454, -0.7824494562195669, 2.6421824026206218], "rotation": [[-0.6759853246489614, -0.29317785867995755, 0.6760847461961207], [0.3147413480047237, 0.7146969880520587, 0.6246167618031755], [-0.6663195364953719, 0.6350235888919012, -0.39084948104793743]], "fy": 1237.4402283064671, "fx": 800.2221217412439}, {"id": 48, "img_name": "DSC08004", "width": 1079, "height": 1078, "position": [-1.911362221818719, -0.9391106388818253, 2.937433201772638], "rotation": [[-0.7776481907653453, -0.24150539214026595, 0.5804639842113902], [0.2836448592429778, 0.6892000675864178, 0.6667449742322085], [-0.5610783236094726, 0.6831386480108217, -0.4674534226738856]], "fy": 1237.4402283064671, "fx": 800.2221217412439}, {"id": 49, "img_name": "DSC08005", "width": 1079, "height": 1078, "position": [-1.4045035518298925, -1.1051642576139706, 3.2448060262560676], "rotation": [[-0.8656705117240739, -0.2018985557143932, 0.4580955558961707], [0.212191596461234, 0.6808189254412457, 0.7010423076764056], [-0.45341955352919255, 0.7040756805638648, -0.5465236907179027]], "fy": 1237.4402283064671, "fx": 800.2221217412439}, {"id": 50, "img_name": "DSC08006", "width": 1079, "height": 1078, "position": [-0.788424574932101, -1.217623856963725, 3.43467475017667], "rotation": [[-0.9432959960291958, -0.1300979737274052, 0.30539676014540545], [0.14535912589925784, 0.6652207686981362, 0.7323606033986703], [-0.2984348980817937, 0.7352250309426933, -0.6085891598461354]], "fy": 1237.4402283064671, "fx": 800.2221217412439}, {"id": 51, "img_name": "DSC08007", "width": 1079, "height": 1078, "position": [-0.21019996277550218, -1.2724193806421313, 3.557517045295984], "rotation": [[-0.984186454582632, -0.07445222834596618, 0.16072923912713705], [0.07445740633422367, 0.649444847417848, 0.7567545736924146], [-0.1607268405029123, 0.7567550831390087, -0.6336313020086861]], "fy": 1237.4402283064671, "fx": 800.2221217412439}, {"id": 52, "img_name": "DSC08008", "width": 1079, "height": 1078, "position": [0.4285830117569506, -1.324318407485868, 3.6491398063932245], "rotation": [[-0.9998193499976801, -0.015570186210142204, -0.010901223399147047], [-0.018372149473387833, 0.6446771613903106, 0.764234140630644], [-0.004871498121123379, 0.7642963606370979, -0.6448467582479911]], "fy": 1237.4402283064671, "fx": 800.2221217412439}, {"id": 53, "img_name": "DSC08009", "width": 1079, "height": 1078, "position": [1.0535595701261442, -1.31934046201446, 3.649366789093133], "rotation": [[-0.9837560831218514, 0.04615727683665852, -0.17347470915316812], [-0.10059491030415142, 0.6586342292118949, 0.7457088011625936], [0.14867626892564917, 0.7510462421885066, -0.643292242416206]], "fy": 1237.4402283064671, "fx": 800.2221217412439}, {"id": 54, "img_name": "DSC08010", "width": 1079, "height": 1078, "position": [1.7236441205979076, -1.2569833339618344, 3.5168898385781944], "rotation": [[-0.9452849844797636, 0.10318192520108709, -0.3094992543268731], [-0.16955132672866188, 0.6551179815844936, 0.7362559186921415], [0.27872682992787723, 0.7484476738666881, -0.6017785587422502]], "fy": 1237.4402283064671, "fx": 800.2221217412439}, {"id": 55, "img_name": "DSC08011", "width": 1079, "height": 1078, "position": [2.257349710885301, -1.0802129840601473, 3.1984699340415044], "rotation": [[-0.8666137215780009, 0.14521907248986637, -0.47738043378201966], [-0.26854558615806573, 0.6706027432340643, 0.6915021539532386], [0.42055192988232404, 0.7274636635270042, -0.5421555980713672]], "fy": 1237.4402283064671, "fx": 800.2221217412439}, {"id": 56, "img_name": "DSC08012", "width": 1079, "height": 1078, "position": [2.8298809286711557, -0.8180335837158356, 2.7612605992059724], "rotation": [[-0.7293109148190784, 0.20008933487237085, -0.6542704697570346], [-0.3625769518227561, 0.69792869651999, 0.617603018597567], [0.5802099133354042, 0.6876480150805644, -0.43645923500721373]], "fy": 1237.4402283064671, "fx": 800.2221217412439}, {"id": 57, "img_name": "DSC08013", "width": 1079, "height": 1078, "position": [3.355878734758789, -0.6099367751585525, 2.3545095048129694], "rotation": [[-0.6054791501530461, 0.25665475437938723, -0.7533414470108497], [-0.4068934100952054, 0.7136808422679435, 0.5701731387927829], [0.6839830053086404, 0.6517576178566502, -0.3276877416303282]], "fy": 1237.4402283064671, "fx": 800.2221217412439}, {"id": 58, "img_name": "DSC08014", "width": 1079, "height": 1078, "position": [3.641968629387241, -0.19683919836382033, 1.6505099765012898], "rotation": [[-0.3961701903920422, 0.31617934712705215, -0.8620207658142833], [-0.44853920853274487, 0.7525474803100515, 0.48216684693974077], [0.8011627541601963, 0.5776702435899772, -0.1563180444387166]], "fy": 1237.4402283064671, "fx": 800.2221217412439}, {"id": 59, "img_name": "DSC08015", "width": 1079, "height": 1078, "position": [3.7671879939882085, 0.011278261104634747, 1.0412194291739048], "rotation": [[-0.1864464973069748, 0.38389352883470046, -0.9043580386997184], [-0.4672552913673144, 0.7750816247786518, 0.4253480546796131], [0.8642396637109445, 0.5018707338043593, 0.03486502860270591]], "fy": 1237.4402283064671, "fx": 800.2221217412439}, {"id": 60, "img_name": "DSC08016", "width": 1079, "height": 1078, "position": [3.5501172311722695, 0.31399960102477986, 0.4793787007987089], "rotation": [[-0.03217916052771325, 0.41977035595882645, -0.9070597278492369], [-0.474204288436862, 0.7924703674871711, 0.38356356641740247], [0.8798265706693683, 0.4424743663908089, 0.17355587178551796]], "fy": 1237.4402283064671, "fx": 800.2221217412439}, {"id": 61, "img_name": "DSC08017", "width": 1079, "height": 1078, "position": [3.44547510292611, 0.6827945557398195, -0.1671309632065385], "rotation": [[0.22871772719199732, 0.42134331075255893, -0.8775864719514537], [-0.4771131157418112, 0.8343061486207176, 0.27621789435300187], [0.8485583515912551, 0.3555320869594439, 0.3918490258849629]], "fy": 1237.4402283064671, "fx": 800.2221217412439}, {"id": 62, "img_name": "DSC08018", "width": 1079, "height": 1078, "position": [3.2162609312832715, 1.1042337725709936, -0.9121955657126732], "rotation": [[0.4710426045967179, 0.35907572274021704, -0.8057192376959426], [-0.4266839206242864, 0.8921825263688119, 0.14815927754566008], [0.7720490246968958, 0.2739981112722404, 0.57346781817624]], "fy": 1237.4402283064671, "fx": 800.2221217412439}, {"id": 63, "img_name": "DSC08019", "width": 1079, "height": 1078, "position": [2.905018737433402, 1.4214060137517184, -1.5042906096083755], "rotation": [[0.6632521970727586, 0.28058572223818457, -0.6938070160745241], [-0.3474542960681839, 0.9365384191356954, 0.04659722767048577], [0.6628514427999092, 0.2101605147473917, 0.7186518787418495]], "fy": 1237.4402283064671, "fx": 800.2221217412439}, {"id": 64, "img_name": "DSC08020", "width": 1079, "height": 1078, "position": [2.4927718940388606, 1.6514467690385852, -1.9394008478473534], "rotation": [[0.7946736786641059, 0.226137377124895, -0.5633432622349629], [-0.28654645536581747, 0.9578636325370073, -0.01970762239069881], [0.5351493934928291, 0.17708514373058457, 0.8259878803676088]], "fy": 1237.4402283064671, "fx": 800.2221217412439}, {"id": 65, "img_name": "DSC08021", "width": 1079, "height": 1078, "position": [2.077602666009117, 1.8926242160758133, -2.430132842672652], "rotation": [[0.8790684951301433, 0.1747165270189244, -0.44352307274376446], [-0.22605871663063346, 0.9719305765623492, -0.0651798356740042], [0.4196856412899256, 0.15755979667930736, 0.8938897431816963]], "fy": 1237.4402283064671, "fx": 800.2221217412439}, {"id": 66, "img_name": "DSC08022", "width": 1079, "height": 1078, "position": [1.484341016917238, 2.1016605394795564, -2.7952978336375276], "rotation": [[0.9571428750959386, 0.10703046889479872, -0.2691133504329354], [-0.13990128661903747, 0.9844708540152967, -0.10604134852372518], [0.2535845946728987, 0.13914602517697638, 0.9572529639661763]], "fy": 1237.4402283064671, "fx": 800.2221217412439}, {"id": 67, "img_name": "DSC08023", "width": 1079, "height": 1078, "position": [0.78351704408669, 2.2912938165451546, -3.227773942830275], "rotation": [[0.995410866028689, 0.040724143749835934, -0.0865953342152915], [-0.054565173531533104, 0.9849461410059845, -0.16402359938403024], [0.07861201962479411, 0.16799596255047874, 0.9826482111810152]], "fy": 1237.4402283064671, "fx": 800.2221217412439}, {"id": 68, "img_name": "DSC08024", "width": 1079, "height": 1078, "position": [0.018288754383161104, 2.316594380425916, -3.3076962293124663], "rotation": [[0.9969040062544973, -0.0190335723370806, 0.07628974661002971], [0.030945794767522617, 0.9869301461917862, -0.15814943668589487], [-0.07228250203154139, 0.16002065386052083, 0.9844636256551643]], "fy": 1237.4402283064671, "fx": 800.2221217412439}, {"id": 69, "img_name": "DSC08025", "width": 1079, "height": 1078, "position": [-0.017751573182971738, 2.0170947180314722, -3.5819721688340818], "rotation": [[0.9981456964620407, -0.02581095061904344, 0.055126794414776255], [0.03507476030741229, 0.9840628199740926, -0.17432764420485372], [-0.04974866655183113, 0.1759379469380548, 0.9831433817117099]], "fy": 1237.4402283064671, "fx": 800.2221217412439}, {"id": 70, "img_name": "DSC08026", "width": 1079, "height": 1078, "position": [-0.766175968307073, 1.9357572587284306, -3.3526084036120793], "rotation": [[0.964588124500627, -0.08632744946447808, 0.2492334679398434], [0.128057880404445, 0.9793586711987983, -0.1563898091758063], [-0.2305882246314495, 0.18276806235412754, 0.9557326540642178]], "fy": 1237.4402283064671, "fx": 800.2221217412439}, {"id": 71, "img_name": "DSC08027", "width": 1079, "height": 1078, "position": [-1.4124350930599752, 1.7403498119962826, -3.042702705708873], "rotation": [[0.9027424421778116, -0.1481709112556178, 0.4038582228313795], [0.20766263213312758, 0.9722790549840243, -0.10746939310759013], [-0.3767390533331814, 0.18088344395508466, 0.9084871300115186]], "fy": 1237.4402283064671, "fx": 800.2221217412439}, {"id": 72, "img_name": "DSC08028", "width": 1079, "height": 1078, "position": [-1.9966208999902348, 1.5768118890229794, -2.6593248066743147], "rotation": [[0.822702287176955, -0.19606493134274597, 0.5335911256490042], [0.2557932887628255, 0.9659256679088022, -0.03946387587189401], [-0.5076718823193824, 0.16895604982509155, 0.844821349830718]], "fy": 1237.4402283064671, "fx": 800.2221217412439}, {"id": 73, "img_name": "DSC08029", "width": 1079, "height": 1078, "position": [-2.5485319209665565, 1.2729507685035735, -2.1080729706109613], "rotation": [[0.6779725149146812, -0.28924710795490416, 0.6757879693809191], [0.34813903113164846, 0.9360342639552501, 0.051371896056795034], [-0.6474198668738698, 0.20043943534513645, 0.7353037119011053]], "fy": 1237.4402283064671, "fx": 800.2221217412439}, {"id": 74, "img_name": "DSC08030", "width": 1079, "height": 1078, "position": [-3.0206623060838824, 0.9321990383024822, -1.4577458392167832], "rotation": [[0.5040874439174599, -0.35491096131807387, 0.7873589133432367], [0.40667425789091866, 0.9018092390905048, 0.14613741567399893], [-0.7619133132145889, 0.24653256544985144, 0.5989238660456623]], "fy": 1237.4402283064671, "fx": 800.2221217412439}, {"id": 75, "img_name": "DSC08031", "width": 1079, "height": 1078, "position": [-3.2894509549394875, 0.6073351771144015, -0.841056658319196], "rotation": [[0.3364152655707657, -0.39013214686456604, 0.8571007391630203], [0.4397852885125529, 0.8698906471920667, 0.22333643217284999], [-0.8327146384559848, 0.3018065107160746, 0.4642188718594991]], "fy": 1237.4402283064671, "fx": 800.2221217412439}, {"id": 76, "img_name": "DSC08032", "width": 1079, "height": 1078, "position": [-3.405914925584641, 0.29912319091415945, -0.16933617421946068], "rotation": [[0.15569321326585575, -0.41875485959177444, 0.8946530002806817], [0.47205333215119033, 0.8271282401046627, 0.3049992229929801], [-0.8677126684265424, 0.3748376208301895, 0.32645288030962816]], "fy": 1237.4402283064671, "fx": 800.2221217412439}, {"id": 77, "img_name": "DSC08033", "width": 1079, "height": 1078, "position": [-3.4137250455574306, -0.10643727521338285, 0.5326806101594987], "rotation": [[-0.01784979109648083, -0.42769798011944415, 0.9037454413492546], [0.4801858846013619, 0.7891568493151201, 0.38295297806472317], [-0.8769851202770883, 0.4408014348669708, 0.19128824802323918]], "fy": 1237.4402283064671, "fx": 800.2221217412439}, {"id": 78, "img_name": "DSC08034", "width": 1079, "height": 1078, "position": [-3.2577122825603713, -0.39257158044097035, 1.0897055670154587], "rotation": [[-0.22677914543376151, -0.4271444993215006, 0.8752821236011374], [0.46346050607691436, 0.7430950348937982, 0.48271536998848014], [-0.8566070152078272, 0.5151284750579893, 0.02944614883422627]], "fy": 1237.4402283064671, "fx": 800.2221217412439}, {"id": 79, "img_name": "DSC08035", "width": 1079, "height": 1078, "position": [-3.0271142566822085, -0.7155662938710867, 1.6792768996861636], "rotation": [[-0.42095413004094734, -0.41515172004216283, 0.806502740074392], [0.4246497815434144, 0.6954740578825932, 0.5796450619538215], [-0.8015423778170429, 0.5864851951740578, -0.11646858977873728]], "fy": 1237.4402283064671, "fx": 800.2221217412439}, {"id": 80, "img_name": "DSC08036", "width": 1079, "height": 1078, "position": [-2.5807667633284854, -0.9784596109853689, 2.1731465833245474], "rotation": [[-0.6104625543081759, -0.3641287228670516, 0.703381648161755], [0.3576969022602707, 0.6655933159268157, 0.6550102777109319], [-0.7066741794497258, 0.6514566838837066, -0.27607207957759955]], "fy": 1237.4402283064671, "fx": 800.2221217412439}, {"id": 81, "img_name": "DSC08037", "width": 1079, "height": 1078, "position": [-2.1187289880631073, -1.1849853563334778, 2.5940748250724854], "rotation": [[-0.7443333959256435, -0.30223890736340375, 0.5954993187112599], [0.3083225309227542, 0.6354608896780881, 0.7079030121527383], [-0.5923723597832584, 0.7105217101294713, -0.3798076971304094]], "fy": 1237.4402283064671, "fx": 800.2221217412439}, {"id": 82, "img_name": "DSC08038", "width": 1079, "height": 1078, "position": [-1.3718995674749344, -1.369940486065158, 2.9807836066227154], "rotation": [[-0.8598669033215259, -0.245699141579931, 0.4475051289081891], [0.22276591685576713, 0.6081402861637012, 0.7619322401842182], [-0.4593519945092863, 0.7548492062469278, -0.4681863101039199]], "fy": 1237.4402283064671, "fx": 800.2221217412439}, {"id": 83, "img_name": "DSC08039", "width": 1079, "height": 1078, "position": [-0.703676285609044, -1.5067905738106913, 3.2055678586297285], "rotation": [[-0.9419263900609142, -0.1677648429460085, 0.2909117274674837], [0.1446305695700655, 0.5791575546458818, 0.8022833198081839], [-0.3030786598436994, 0.7977665600712425, -0.5212598599349886]], "fy": 1237.4402283064671, "fx": 800.2221217412439}, {"id": 84, "img_name": "DSC08040", "width": 1079, "height": 1078, "position": [0.12655908864347698, -1.5918921636455952, 3.3976563295259785], "rotation": [[-0.9896313365267988, -0.07626188075915862, 0.12171254375477222], [0.05540217630354408, 0.5791403481962603, 0.8133431354305176], [-0.1325157221804737, 0.8116529939784553, -0.568910362659002]], "fy": 1237.4402283064671, "fx": 800.2221217412439}, {"id": 85, "img_name": "DSC08041", "width": 1079, "height": 1078, "position": [1.0273659354554951, -1.521476682454669, 3.3215920048359195], "rotation": [[-0.9891042899462735, 0.05563591526209249, -0.13629874740006753], [-0.07949863886911025, 0.5773820397719343, 0.8125945769981237], [0.12390589182051408, 0.8145763469937916, -0.5666680729407766]], "fy": 1237.4402283064671, "fx": 800.2221217412439}, {"id": 86, "img_name": "DSC08042", "width": 1079, "height": 1078, "position": [1.7711557008428247, -1.45797751040123, 3.1578919151760623], "rotation": [[-0.9383058552718021, 0.14345598043783428, -0.31464663296986245], [-0.17336047195119483, 0.5921536985123628, 0.7869562529791531], [0.29921274827037475, 0.7929529488026068, -0.5307516860620788]], "fy": 1237.4402283064671, "fx": 800.2221217412439}, {"id": 87, "img_name": "DSC08043", "width": 1079, "height": 1078, "position": [2.422220266581023, -1.2105802380324364, 2.7400119836939116], "rotation": [[-0.8249409651736933, 0.2398819409383864, -0.5117900530392583], [-0.2887303143145624, 0.5995723463521926, 0.7464233430738485], [0.4859086432387351, 0.7635244959406073, -0.42535060188570567]], "fy": 1237.4402283064671, "fx": 800.2221217412439}, {"id": 88, "img_name": "DSC08044", "width": 1079, "height": 1078, "position": [3.060209358112251, -0.959757376641897, 2.3231417221372292], "rotation": [[-0.6884224189825221, 0.3069338600577922, -0.657165259727168], [-0.3565464245409005, 0.6458080900012638, 0.6751344740390757], [0.6316242713744876, 0.6990876314446873, -0.3351525971430094]], "fy": 1237.4402283064671, "fx": 800.2221217412439}, {"id": 89, "img_name": "DSC08045", "width": 1079, "height": 1078, "position": [3.4885047446441697, -0.5869920714527299, 1.6930039785756779], "rotation": [[-0.4732756051540513, 0.3597844623127927, -0.8040928691664667], [-0.42435707063281325, 0.7067869711706833, 0.5660152418330352], [0.7719658529818554, 0.6091037005811624, -0.18182795100954552]], "fy": 1237.4402283064671, "fx": 800.2221217412439}, {"id": 90, "img_name": "DSC08046", "width": 1079, "height": 1078, "position": [3.701847328577949, -0.2194044894315486, 0.9532931313278795], "rotation": [[-0.268293498640652, 0.43336432671180874, -0.8603568788129599], [-0.4554464483577921, 0.7299211373398657, 0.5096897742183474], [0.8488740373373606, 0.5285929375219626, 0.0015411477771829576]], "fy": 1237.4402283064671, "fx": 800.2221217412439}, {"id": 91, "img_name": "DSC08047", "width": 1079, "height": 1078, "position": [3.309833377461305, 0.224526344300153, 0.12061749411381384], "rotation": [[0.04614143419551857, 0.49929143627561234, -0.8652046172508656], [-0.48663244602369143, 0.7676390111508438, 0.41703622269097185], [0.8723874314359302, 0.4017939897773373, 0.2783913778324128]], "fy": 1237.4402283064671, "fx": 800.2221217412439}, {"id": 92, "img_name": "DSC08048", "width": 1079, "height": 1078, "position": [3.3546918203700566, 0.5745795360121023, -0.5392047837731611], "rotation": [[0.27905260710673363, 0.4594523690162532, -0.8432278239433796], [-0.4696927896878796, 0.8312059905157291, 0.29746476202397953], [0.8375669082420532, 0.3130497116052307, 0.4477516636280983]], "fy": 1237.4402283064671, "fx": 800.2221217412439}, {"id": 93, "img_name": "DSC08049", "width": 1079, "height": 1078, "position": [3.2893161325668907, 0.9535390999390777, -1.2272877685563435], "rotation": [[0.48320440467782694, 0.39598460041336925, -0.7808390996456382], [-0.422452469296921, 0.8866292532360375, 0.1882086036583894], [0.7668424965303373, 0.23892417948288738, 0.5957078327280482]], "fy": 1237.4402283064671, "fx": 800.2221217412439}, {"id": 94, "img_name": "DSC08050", "width": 1079, "height": 1078, "position": [2.9722105902399067, 1.232950748454897, -1.742909553135343], "rotation": [[0.6777782398390689, 0.3260465765658712, -0.6590222208016426], [-0.36015572106452765, 0.9286342831768218, 0.08902934737018212], [0.6410183415356722, 0.1770084687757789, 0.746835649789504]], "fy": 1237.4402283064671, "fx": 800.2221217412439}, {"id": 95, "img_name": "DSC08051", "width": 1079, "height": 1078, "position": [2.518161572476768, 1.4408194992981598, -2.155633938937265], "rotation": [[0.8003028117310529, 0.25228543551858573, -0.5439370078975767], [-0.28097215017460464, 0.9591991254704035, 0.0314910864066761], [0.5296886447354051, 0.12762874567279459, 0.8385349383993246]], "fy": 1237.4402283064671, "fx": 800.2221217412439}, {"id": 96, "img_name": "DSC08052", "width": 1079, "height": 1078, "position": [1.754947759706858, 1.65764048374242, -2.533286632346789], "rotation": [[0.9122484038605971, 0.19358308071917288, -0.3610103052726711], [-0.20568886366891406, 0.9786047089913904, 0.004991482992750552], [0.3542526513893493, 0.06970232707126953, 0.9325484676865146]], "fy": 1237.4402283064671, "fx": 800.2221217412439}, {"id": 97, "img_name": "DSC08053", "width": 1079, "height": 1078, "position": [1.0488463466001359, 1.8188830620688274, -2.8091584325836507], "rotation": [[0.9782265720842359, 0.11018475479310795, -0.17587522133463782], [-0.11585187009173199, 0.9930171593619792, -0.02225455928375318], [0.1721949995341724, 0.04214547453580637, 0.9841608817218748]], "fy": 1237.4402283064671, "fx": 800.2221217412439}, {"id": 98, "img_name": "DSC08054", "width": 1079, "height": 1078, "position": [0.3722301809708145, 1.9425099701538149, -3.1200426038528515], "rotation": [[0.9990407143740865, 0.017844894591920603, -0.03999013328207802], [-0.020439505939949983, 0.9976470875642983, -0.06544092963431931], [0.038728253508851535, 0.06619553165793311, 0.9970547998824727]], "fy": 1237.4402283064671, "fx": 800.2221217412439}, {"id": 99, "img_name": "DSC08055", "width": 1079, "height": 1078, "position": [0.38621907516581766, 1.471670599922674, -3.4625057161679273], "rotation": [[0.9999997957085537, 0.0005684691827632625, -0.0002922766483133527], [-0.0005683476475534234, 0.9999997520715883, 0.0004157375535867809], [0.00029251290983699896, -0.0004155713539096511, 0.9999998708683153]], "fy": 1237.4402283064671, "fx": 800.2221217412439}, {"id": 100, "img_name": "DSC08056", "width": 1079, "height": 1078, "position": [-0.35931038986268865, 1.451601764321483