[{"id": 0, "img_name": "ezgif-frame-004", "width": 160, "height": 160, "position": [-4.120876063413007, 0.03768859825276819, -0.571829639219089], "rotation": [[0.9980423239620151, 0.01696091964394982, -0.06019839520561822], [-0.016373179948649917, 0.9998134796161793, 0.010243288346854475], [0.060360902568379886, -0.009237596149386136, 0.9981338729141054]], "fy": 737.6201083825258, "fx": 955.1288378058782}, {"id": 1, "img_name": "ezgif-frame-005", "width": 160, "height": 160, "position": [-1.641508737740933, 0.0377646595722711, -0.3756599520479386], "rotation": [[0.9939891462362326, 0.014429897120913004, -0.108523523872226], [-0.013409575588064222, 0.999858815784448, 0.010125797779393224], [0.10865431628386296, -0.008609678693252104, 0.9940423094545249]], "fy": 737.6201083825258, "fx": 955.1288378058782}, {"id": 2, "img_name": "ezgif-frame-007", "width": 160, "height": 160, "position": [5.762384989337271, -0.07545325666943155, 0.9474896055135948], "rotation": [[0.9674228034102718, 0.007407012129567626, -0.2530578108123187], [-0.004367804896106192, 0.9999114594610069, 0.012569626842066795], [0.2531285083158362, -0.0110548364923093, 0.9673694996576684]], "fy": 737.6201083825258, "fx": 955.1288378058782}]